0.0,0.0,0.0,0.25
0.0,0.0,0.1,0.25
0.0,0.0,0.2,0.25
0.0,0.0,0.30000000000000004,0.3583167667667668
0.0,0.0,0.4,0.6002000000000001
0.0,0.0,0.5,0.95
0.0,0.0,0.6000000000000001,0.6001999999999997
0.0,0.0,0.7000000000000001,0.3583167667667666
0.0,0.0,0.8,0.25
0.0,0.0,0.9,0.25
0.0,0.0,1.0,0.25
0.0,10.0,0.0,0.25
0.0,10.0,0.1,0.25
0.0,10.0,0.2,0.25
0.0,10.0,0.30000000000000004,0.3583167667667668
0.0,10.0,0.4,0.6002000000000001
0.0,10.0,0.5,0.95
0.0,10.0,0.6000000000000001,0.6001999999999997
0.0,10.0,0.7000000000000001,0.3583167667667666
0.0,10.0,0.8,0.25
0.0,10.0,0.9,0.25
0.0,10.0,1.0,0.25
0.0,20.0,0.0,0.25
0.0,20.0,0.1,0.25
0.0,20.0,0.2,0.25
0.0,20.0,0.30000000000000004,0.3583167667667668
0.0,20.0,0.4,0.6002000000000001
0.0,20.0,0.5,0.95
0.0,20.0,0.6000000000000001,0.6001999999999997
0.0,20.0,0.7000000000000001,0.3583167667667666
0.0,20.0,0.8,0.25
0.0,20.0,0.9,0.25
0.0,20.0,1.0,0.25
0.0,30.0,0.0,0.25
0.0,30.0,0.1,0.25
0.0,30.0,0.2,0.25
0.0,30.0,0.30000000000000004,0.3583167667667668
0.0,30.0,0.4,0.6002000000000001
0.0,30.0,0.5,0.95
0.0,30.0,0.6000000000000001,0.6001999999999997
0.0,30.0,0.7000000000000001,0.3583167667667666
0.0,30.0,0.8,0.25
0.0,30.0,0.9,0.25
0.0,30.0,1.0,0.25
0.0,40.0,0.0,0.25
0.0,40.0,0.1,0.25
0.0,40.0,0.2,0.25
0.0,40.0,0.30000000000000004,0.3583167667667668
0.0,40.0,0.4,0.6002000000000001
0.0,40.0,0.5,0.95
0.0,40.0,0.6000000000000001,0.6001999999999997
0.0,40.0,0.7000000000000001,0.3583167667667666
0.0,40.0,0.8,0.25
0.0,40.0,0.9,0.25
0.0,40.0,1.0,0.25
0.0,50.0,0.0,0.2521058558558559
0.0,50.0,0.1,0.2521058558558559
0.0,50.0,0.2,0.2521058558558559
0.0,50.0,0.30000000000000004,0.3589913288288289
0.0,50.0,0.4,0.5916995495495496
0.0,50.0,0.5,0.933
0.0,50.0,0.6000000000000001,0.5916995495495493
0.0,50.0,0.7000000000000001,0.37910490990990975
0.0,50.0,0.8,0.25
0.0,50.0,0.9,0.25
0.0,50.0,1.0,0.25
0.0,60.0,0.0,0.25173423423423424
0.0,60.0,0.1,0.25173423423423424
0.0,60.0,0.2,0.25173423423423424
0.0,60.0,0.30000000000000004,0.3583795295295296
0.0,60.0,0.4,0.5932190990990992
0.0,60.0,0.5,0.9360000000000002
0.0,60.0,0.6000000000000001,0.593219099099099
0.0,60.0,0.7000000000000001,0.3962136909636908
0.0,60.0,0.8,0.25
0.0,60.0,0.9,0.25
0.0,60.0,1.0,0.25
0.0,70.0,0.0,0.25012387387387386
0.0,70.0,0.1,0.25012387387387386
0.0,70.0,0.2,0.25012387387387386
0.0,70.0,0.30000000000000004,0.3583167667667668
0.0,70.0,0.4,0.5997486486486487
0.0,70.0,0.5,0.9490000000000001
0.0,70.0,0.6000000000000001,0.5997486486486485
0.0,70.0,0.7000000000000001,0.41042503753753734
0.0,70.0,0.8,0.25
0.0,70.0,0.9,0.25
0.0,70.0,1.0,0.25
0.0,80.0,0.0,0.25
0.0,80.0,0.1,0.25
0.0,80.0,0.2,0.25
0.0,80.0,0.30000000000000004,0.3583167667667668
0.0,80.0,0.4,0.6002000000000001
0.0,80.0,0.5,0.95
0.0,80.0,0.6000000000000001,0.6001999999999998
0.0,80.0,0.7000000000000001,0.41042503753753734
0.0,80.0,0.8,0.25
0.0,80.0,0.9,0.25
0.0,80.0,1.0,0.25
0.0,90.0,0.0,0.25
0.0,90.0,0.1,0.25
0.0,90.0,0.2,0.25
0.0,90.0,0.30000000000000004,0.3583167667667668
0.0,90.0,0.4,0.6002000000000001
0.0,90.0,0.5,0.95
0.0,90.0,0.6000000000000001,0.6001999999999998
0.0,90.0,0.7000000000000001,0.41042503753753734
0.0,90.0,0.8,0.25
0.0,90.0,0.9,0.25
0.0,90.0,1.0,0.25
0.0,100.0,0.0,0.25
0.0,100.0,0.1,0.25
0.0,100.0,0.2,0.25
0.0,100.0,0.30000000000000004,0.3583167667667668
0.0,100.0,0.4,0.6002000000000001
0.0,100.0,0.5,0.95
0.0,100.0,0.6000000000000001,0.6001999999999998
0.0,100.0,0.7000000000000001,0.41042503753753734
0.0,100.0,0.8,0.25
0.0,100.0,0.9,0.25
0.0,100.0,1.0,0.25
0.0,110.0,0.0,0.25
0.0,110.0,0.1,0.25
0.0,110.0,0.2,0.25
0.0,110.0,0.30000000000000004,0.3583167667667668
0.0,110.0,0.4,0.6002000000000001
0.0,110.0,0.5,0.95
0.0,110.0,0.6000000000000001,0.6001999999999998
0.0,110.0,0.7000000000000001,0.41042503753753734
0.0,110.0,0.8,0.25
0.0,110.0,0.9,0.25
0.0,110.0,1.0,0.25
0.0,120.0,0.0,0.25
0.0,120.0,0.1,0.25
0.0,120.0,0.2,0.25
0.0,120.0,0.30000000000000004,0.3583167667667668
0.0,120.0,0.4,0.6002000000000001
0.0,120.0,0.5,0.95
0.0,120.0,0.6000000000000001,0.6001999999999998
0.0,120.0,0.7000000000000001,0.41042503753753734
0.0,120.0,0.8,0.25
0.0,120.0,0.9,0.25
0.0,120.0,1.0,0.25
0.0,130.0,0.0,0.25
0.0,130.0,0.1,0.25
0.0,130.0,0.2,0.25
0.0,130.0,0.30000000000000004,0.3583167667667668
0.0,130.0,0.4,0.6002000000000001
0.0,130.0,0.5,0.95
0.0,130.0,0.6000000000000001,0.6001999999999998
0.0,130.0,0.7000000000000001,0.41042503753753734
0.0,130.0,0.8,0.25
0.0,130.0,0.9,0.25
0.0,130.0,1.0,0.25
0.0,140.0,0.0,0.25
0.0,140.0,0.1,0.25
0.0,140.0,0.2,0.25
0.0,140.0,0.30000000000000004,0.3583167667667668
0.0,140.0,0.4,0.6002000000000001
0.0,140.0,0.5,0.95
0.0,140.0,0.6000000000000001,0.6001999999999998
0.0,140.0,0.7000000000000001,0.41042503753753734
0.0,140.0,0.8,0.25
0.0,140.0,0.9,0.25
0.0,140.0,1.0,0.25
0.0,150.0,0.0,0.25
0.0,150.0,0.1,0.25
0.0,150.0,0.2,0.25
0.0,150.0,0.30000000000000004,0.3583167667667668
0.0,150.0,0.4,0.6002000000000001
0.0,150.0,0.5,0.95
0.0,150.0,0.6000000000000001,0.6001999999999998
0.0,150.0,0.7000000000000001,0.41042503753753734
0.0,150.0,0.8,0.25
0.0,150.0,0.9,0.25
0.0,150.0,1.0,0.25
0.0,160.0,0.0,0.25
0.0,160.0,0.1,0.25
0.0,160.0,0.2,0.25
0.0,160.0,0.30000000000000004,0.3583167667667668
0.0,160.0,0.4,0.6002000000000001
0.0,160.0,0.5,0.95
0.0,160.0,0.6000000000000001,0.6001999999999998
0.0,160.0,0.7000000000000001,0.41042503753753734
0.0,160.0,0.8,0.25
0.0,160.0,0.9,0.25
0.0,160.0,1.0,0.25
0.0,170.0,0.0,0.25
0.0,170.0,0.1,0.25
0.0,170.0,0.2,0.25
0.0,170.0,0.30000000000000004,0.3583167667667668
0.0,170.0,0.4,0.6002000000000001
0.0,170.0,0.5,0.95
0.0,170.0,0.6000000000000001,0.6001999999999998
0.0,170.0,0.7000000000000001,0.41042503753753734
0.0,170.0,0.8,0.25
0.0,170.0,0.9,0.25
0.0,170.0,1.0,0.25
0.0,180.0,0.0,0.25
0.0,180.0,0.1,0.25
0.0,180.0,0.2,0.25
0.0,180.0,0.30000000000000004,0.3583167667667668
0.0,180.0,0.4,0.6002000000000001
0.0,180.0,0.5,0.95
0.0,180.0,0.6000000000000001,0.6001999999999998
0.0,180.0,0.7000000000000001,0.41042503753753734
0.0,180.0,0.8,0.25
0.0,180.0,0.9,0.25
0.0,180.0,1.0,0.25
0.0,190.0,0.0,0.25
0.0,190.0,0.1,0.25
0.0,190.0,0.2,0.25
0.0,190.0,0.30000000000000004,0.3583167667667668
0.0,190.0,0.4,0.6002000000000001
0.0,190.0,0.5,0.95
0.0,190.0,0.6000000000000001,0.6001999999999998
0.0,190.0,0.7000000000000001,0.41042503753753734
0.0,190.0,0.8,0.25
0.0,190.0,0.9,0.25
0.0,190.0,1.0,0.25
0.0,200.0,0.0,0.25
0.0,200.0,0.1,0.25
0.0,200.0,0.2,0.25
0.0,200.0,0.30000000000000004,0.3583167667667668
0.0,200.0,0.4,0.6002000000000001
0.0,200.0,0.5,0.95
0.0,200.0,0.6000000000000001,0.6001999999999998
0.0,200.0,0.7000000000000001,0.41042503753753734
0.0,200.0,0.8,0.25
0.0,200.0,0.9,0.25
0.0,200.0,1.0,0.25
0.1,0.0,0.0,0.25
0.1,0.0,0.1,0.25
0.1,0.0,0.2,0.25
0.1,0.0,0.30000000000000004,0.3583167667667668
0.1,0.0,0.4,0.6002000000000001
0.1,0.0,0.5,0.95
0.1,0.0,0.6000000000000001,0.6001999999999997
0.1,0.0,0.7000000000000001,0.3583167667667666
0.1,0.0,0.8,0.25
0.1,0.0,0.9,0.25
0.1,0.0,1.0,0.25
0.1,10.0,0.0,0.25
0.1,10.0,0.1,0.25
0.1,10.0,0.2,0.25
0.1,10.0,0.30000000000000004,0.3583167667667668
0.1,10.0,0.4,0.6002000000000001
0.1,10.0,0.5,0.95
0.1,10.0,0.6000000000000001,0.6001999999999997
0.1,10.0,0.7000000000000001,0.3583167667667666
0.1,10.0,0.8,0.25
0.1,10.0,0.9,0.25
0.1,10.0,1.0,0.25
0.1,20.0,0.0,0.25
0.1,20.0,0.1,0.25
0.1,20.0,0.2,0.25
0.1,20.0,0.30000000000000004,0.3583167667667668
0.1,20.0,0.4,0.6002000000000001
0.1,20.0,0.5,0.95
0.1,20.0,0.6000000000000001,0.6001999999999997
0.1,20.0,0.7000000000000001,0.3583167667667666
0.1,20.0,0.8,0.25
0.1,20.0,0.9,0.25
0.1,20.0,1.0,0.25
0.1,30.0,0.0,0.25
0.1,30.0,0.1,0.25
0.1,30.0,0.2,0.25
0.1,30.0,0.30000000000000004,0.3583167667667668
0.1,30.0,0.4,0.6002000000000001
0.1,30.0,0.5,0.95
0.1,30.0,0.6000000000000001,0.6001999999999997
0.1,30.0,0.7000000000000001,0.3583167667667666
0.1,30.0,0.8,0.25
0.1,30.0,0.9,0.25
0.1,30.0,1.0,0.25
0.1,40.0,0.0,0.25
0.1,40.0,0.1,0.25
0.1,40.0,0.2,0.25
0.1,40.0,0.30000000000000004,0.3583167667667668
0.1,40.0,0.4,0.6002000000000001
0.1,40.0,0.5,0.95
0.1,40.0,0.6000000000000001,0.6001999999999997
0.1,40.0,0.7000000000000001,0.3583167667667666
0.1,40.0,0.8,0.25
0.1,40.0,0.9,0.25
0.1,40.0,1.0,0.25
0.1,50.0,0.0,0.2521058558558559
0.1,50.0,0.1,0.2521058558558559
0.1,50.0,0.2,0.2521058558558559
0.1,50.0,0.30000000000000004,0.3589913288288289
0.1,50.0,0.4,0.5916995495495496
0.1,50.0,0.5,0.933
0.1,50.0,0.6000000000000001,0.5916995495495493
0.1,50.0,0.7000000000000001,0.37910490990990975
0.1,50.0,0.8,0.25
0.1,50.0,0.9,0.25
0.1,50.0,1.0,0.25
0.1,60.0,0.0,0.25173423423423424
0.1,60.0,0.1,0.25173423423423424
0.1,60.0,0.2,0.25173423423423424
0.1,60.0,0.30000000000000004,0.3583795295295296
0.1,60.0,0.4,0.5932190990990992
0.1,60.0,0.5,0.9360000000000002
0.1,60.0,0.6000000000000001,0.593219099099099
0.1,60.0,0.7000000000000001,0.3962136909636908
0.1,60.0,0.8,0.25
0.1,60.0,0.9,0.25
0.1,60.0,1.0,0.25
0.1,70.0,0.0,0.25012387387387386
0.1,70.0,0.1,0.25012387387387386
0.1,70.0,0.2,0.25012387387387386
0.1,70.0,0.30000000000000004,0.3583167667667668
0.1,70.0,0.4,0.5997486486486487
0.1,70.0,0.5,0.9490000000000001
0.1,70.0,0.6000000000000001,0.5997486486486485
0.1,70.0,0.7000000000000001,0.41042503753753734
0.1,70.0,0.8,0.25
0.1,70.0,0.9,0.25
0.1,70.0,1.0,0.25
0.1,80.0,0.0,0.25
0.1,80.0,0.1,0.25
0.1,80.0,0.2,0.25
0.1,80.0,0.30000000000000004,0.3583167667667668
0.1,80.0,0.4,0.6002000000000001
0.1,80.0,0.5,0.95
0.1,80.0,0.6000000000000001,0.6001999999999998
0.1,80.0,0.7000000000000001,0.41042503753753734
0.1,80.0,0.8,0.25
0.1,80.0,0.9,0.25
0.1,80.0,1.0,0.25
0.1,90.0,0.0,0.25
0.1,90.0,0.1,0.25
0.1,90.0,0.2,0.25
0.1,90.0,0.30000000000000004,0.3583167667667668
0.1,90.0,0.4,0.6002000000000001
0.1,90.0,0.5,0.95
0.1,90.0,0.6000000000000001,0.6001999999999998
0.1,90.0,0.7000000000000001,0.41042503753753734
0.1,90.0,0.8,0.25
0.1,90.0,0.9,0.25
0.1,90.0,1.0,0.25
0.1,100.0,0.0,0.25
0.1,100.0,0.1,0.25
0.1,100.0,0.2,0.25
0.1,100.0,0.30000000000000004,0.3583167667667668
0.1,100.0,0.4,0.6002000000000001
0.1,100.0,0.5,0.95
0.1,100.0,0.6000000000000001,0.6001999999999998
0.1,100.0,0.7000000000000001,0.41042503753753734
0.1,100.0,0.8,0.25
0.1,100.0,0.9,0.25
0.1,100.0,1.0,0.25
0.1,110.0,0.0,0.25
0.1,110.0,0.1,0.25
0.1,110.0,0.2,0.25
0.1,110.0,0.30000000000000004,0.3583167667667668
0.1,110.0,0.4,0.6002000000000001
0.1,110.0,0.5,0.95
0.1,110.0,0.6000000000000001,0.6001999999999998
0.1,110.0,0.7000000000000001,0.41042503753753734
0.1,110.0,0.8,0.25
0.1,110.0,0.9,0.25
0.1,110.0,1.0,0.25
0.1,120.0,0.0,0.25
0.1,120.0,0.1,0.25
0.1,120.0,0.2,0.25
0.1,120.0,0.30000000000000004,0.3583167667667668
0.1,120.0,0.4,0.6002000000000001
0.1,120.0,0.5,0.95
0.1,120.0,0.6000000000000001,0.6001999999999998
0.1,120.0,0.7000000000000001,0.41042503753753734
0.1,120.0,0.8,0.25
0.1,120.0,0.9,0.25
0.1,120.0,1.0,0.25
0.1,130.0,0.0,0.25
0.1,130.0,0.1,0.25
0.1,130.0,0.2,0.25
0.1,130.0,0.30000000000000004,0.3583167667667668
0.1,130.0,0.4,0.6002000000000001
0.1,130.0,0.5,0.95
0.1,130.0,0.6000000000000001,0.6001999999999998
0.1,130.0,0.7000000000000001,0.41042503753753734
0.1,130.0,0.8,0.25
0.1,130.0,0.9,0.25
0.1,130.0,1.0,0.25
0.1,140.0,0.0,0.25
0.1,140.0,0.1,0.25
0.1,140.0,0.2,0.25
0.1,140.0,0.30000000000000004,0.3583167667667668
0.1,140.0,0.4,0.6002000000000001
0.1,140.0,0.5,0.95
0.1,140.0,0.6000000000000001,0.6001999999999998
0.1,140.0,0.7000000000000001,0.41042503753753734
0.1,140.0,0.8,0.25
0.1,140.0,0.9,0.25
0.1,140.0,1.0,0.25
0.1,150.0,0.0,0.25
0.1,150.0,0.1,0.25
0.1,150.0,0.2,0.25
0.1,150.0,0.30000000000000004,0.3583167667667668
0.1,150.0,0.4,0.6002000000000001
0.1,150.0,0.5,0.95
0.1,150.0,0.6000000000000001,0.6001999999999998
0.1,150.0,0.7000000000000001,0.41042503753753734
0.1,150.0,0.8,0.25
0.1,150.0,0.9,0.25
0.1,150.0,1.0,0.25
0.1,160.0,0.0,0.25
0.1,160.0,0.1,0.25
0.1,160.0,0.2,0.25
0.1,160.0,0.30000000000000004,0.3583167667667668
0.1,160.0,0.4,0.6002000000000001
0.1,160.0,0.5,0.95
0.1,160.0,0.6000000000000001,0.6001999999999998
0.1,160.0,0.7000000000000001,0.41042503753753734
0.1,160.0,0.8,0.25
0.1,160.0,0.9,0.25
0.1,160.0,1.0,0.25
0.1,170.0,0.0,0.25
0.1,170.0,0.1,0.25
0.1,170.0,0.2,0.25
0.1,170.0,0.30000000000000004,0.3583167667667668
0.1,170.0,0.4,0.6002000000000001
0.1,170.0,0.5,0.95
0.1,170.0,0.6000000000000001,0.6001999999999998
0.1,170.0,0.7000000000000001,0.41042503753753734
0.1,170.0,0.8,0.25
0.1,170.0,0.9,0.25
0.1,170.0,1.0,0.25
0.1,180.0,0.0,0.25
0.1,180.0,0.1,0.25
0.1,180.0,0.2,0.25
0.1,180.0,0.30000000000000004,0.3583167667667668
0.1,180.0,0.4,0.6002000000000001
0.1,180.0,0.5,0.95
0.1,180.0,0.6000000000000001,0.6001999999999998
0.1,180.0,0.7000000000000001,0.41042503753753734
0.1,180.0,0.8,0.25
0.1,180.0,0.9,0.25
0.1,180.0,1.0,0.25
0.1,190.0,0.0,0.25
0.1,190.0,0.1,0.25
0.1,190.0,0.2,0.25
0.1,190.0,0.30000000000000004,0.3583167667667668
0.1,190.0,0.4,0.6002000000000001
0.1,190.0,0.5,0.95
0.1,190.0,0.6000000000000001,0.6001999999999998
0.1,190.0,0.7000000000000001,0.41042503753753734
0.1,190.0,0.8,0.25
0.1,190.0,0.9,0.25
0.1,190.0,1.0,0.25
0.1,200.0,0.0,0.25
0.1,200.0,0.1,0.25
0.1,200.0,0.2,0.25
0.1,200.0,0.30000000000000004,0.3583167667667668
0.1,200.0,0.4,0.6002000000000001
0.1,200.0,0.5,0.95
0.1,200.0,0.6000000000000001,0.6001999999999998
0.1,200.0,0.7000000000000001,0.41042503753753734
0.1,200.0,0.8,0.25
0.1,200.0,0.9,0.25
0.1,200.0,1.0,0.25
0.2,0.0,0.0,0.25
0.2,0.0,0.1,0.25
0.2,0.0,0.2,0.25
0.2,0.0,0.30000000000000004,0.3583167667667668
0.2,0.0,0.4,0.6002000000000001
0.2,0.0,0.5,0.95
0.2,0.0,0.6000000000000001,0.6001999999999997
0.2,0.0,0.7000000000000001,0.3583167667667666
0.2,0.0,0.8,0.25
0.2,0.0,0.9,0.25
0.2,0.0,1.0,0.25
0.2,10.0,0.0,0.25
0.2,10.0,0.1,0.25
0.2,10.0,0.2,0.25
0.2,10.0,0.30000000000000004,0.3583167667667668
0.2,10.0,0.4,0.6002000000000001
0.2,10.0,0.5,0.95
0.2,10.0,0.6000000000000001,0.6001999999999997
0.2,10.0,0.7000000000000001,0.3583167667667666
0.2,10.0,0.8,0.25
0.2,10.0,0.9,0.25
0.2,10.0,1.0,0.25
0.2,20.0,0.0,0.25
0.2,20.0,0.1,0.25
0.2,20.0,0.2,0.25
0.2,20.0,0.30000000000000004,0.3583167667667668
0.2,20.0,0.4,0.6002000000000001
0.2,20.0,0.5,0.95
0.2,20.0,0.6000000000000001,0.6001999999999997
0.2,20.0,0.7000000000000001,0.3583167667667666
0.2,20.0,0.8,0.25
0.2,20.0,0.9,0.25
0.2,20.0,1.0,0.25
0.2,30.0,0.0,0.25
0.2,30.0,0.1,0.25
0.2,30.0,0.2,0.25
0.2,30.0,0.30000000000000004,0.3583167667667668
0.2,30.0,0.4,0.6002000000000001
0.2,30.0,0.5,0.95
0.2,30.0,0.6000000000000001,0.6001999999999997
0.2,30.0,0.7000000000000001,0.3583167667667666
0.2,30.0,0.8,0.25
0.2,30.0,0.9,0.25
0.2,30.0,1.0,0.25
0.2,40.0,0.0,0.25
0.2,40.0,0.1,0.25
0.2,40.0,0.2,0.25
0.2,40.0,0.30000000000000004,0.3583167667667668
0.2,40.0,0.4,0.6002000000000001
0.2,40.0,0.5,0.95
0.2,40.0,0.6000000000000001,0.6001999999999997
0.2,40.0,0.7000000000000001,0.3583167667667666
0.2,40.0,0.8,0.25
0.2,40.0,0.9,0.25
0.2,40.0,1.0,0.25
0.2,50.0,0.0,0.2521058558558559
0.2,50.0,0.1,0.2521058558558559
0.2,50.0,0.2,0.2521058558558559
0.2,50.0,0.30000000000000004,0.3589913288288289
0.2,50.0,0.4,0.5916995495495496
0.2,50.0,0.5,0.933
0.2,50.0,0.6000000000000001,0.5916995495495493
0.2,50.0,0.7000000000000001,0.37910490990990975
0.2,50.0,0.8,0.25
0.2,50.0,0.9,0.25
0.2,50.0,1.0,0.25
0.2,60.0,0.0,0.25173423423423424
0.2,60.0,0.1,0.25173423423423424
0.2,60.0,0.2,0.25173423423423424
0.2,60.0,0.30000000000000004,0.3583795295295296
0.2,60.0,0.4,0.5932190990990992
0.2,60.0,0.5,0.9360000000000002
0.2,60.0,0.6000000000000001,0.593219099099099
0.2,60.0,0.7000000000000001,0.3962136909636908
0.2,60.0,0.8,0.25
0.2,60.0,0.9,0.25
0.2,60.0,1.0,0.25
0.2,70.0,0.0,0.25012387387387386
0.2,70.0,0.1,0.25012387387387386
0.2,70.0,0.2,0.25012387387387386
0.2,70.0,0.30000000000000004,0.3583167667667668
0.2,70.0,0.4,0.5997486486486487
0.2,70.0,0.5,0.9490000000000001
0.2,70.0,0.6000000000000001,0.5997486486486485
0.2,70.0,0.7000000000000001,0.41042503753753734
0.2,70.0,0.8,0.25
0.2,70.0,0.9,0.25
0.2,70.0,1.0,0.25
0.2,80.0,0.0,0.25
0.2,80.0,0.1,0.25
0.2,80.0,0.2,0.25
0.2,80.0,0.30000000000000004,0.3583167667667668
0.2,80.0,0.4,0.6002000000000001
0.2,80.0,0.5,0.95
0.2,80.0,0.6000000000000001,0.6001999999999998
0.2,80.0,0.7000000000000001,0.41042503753753734
0.2,80.0,0.8,0.25
0.2,80.0,0.9,0.25
0.2,80.0,1.0,0.25
0.2,90.0,0.0,0.25
0.2,90.0,0.1,0.25
0.2,90.0,0.2,0.25
0.2,90.0,0.30000000000000004,0.3583167667667668
0.2,90.0,0.4,0.6002000000000001
0.2,90.0,0.5,0.95
0.2,90.0,0.6000000000000001,0.6001999999999998
0.2,90.0,0.7000000000000001,0.41042503753753734
0.2,90.0,0.8,0.25
0.2,90.0,0.9,0.25
0.2,90.0,1.0,0.25
0.2,100.0,0.0,0.25
0.2,100.0,0.1,0.25
0.2,100.0,0.2,0.25
0.2,100.0,0.30000000000000004,0.3583167667667668
0.2,100.0,0.4,0.6002000000000001
0.2,100.0,0.5,0.95
0.2,100.0,0.6000000000000001,0.6001999999999998
0.2,100.0,0.7000000000000001,0.41042503753753734
0.2,100.0,0.8,0.25
0.2,100.0,0.9,0.25
0.2,100.0,1.0,0.25
0.2,110.0,0.0,0.25
0.2,110.0,0.1,0.25
0.2,110.0,0.2,0.25
0.2,110.0,0.30000000000000004,0.3583167667667668
0.2,110.0,0.4,0.6002000000000001
0.2,110.0,0.5,0.95
0.2,110.0,0.6000000000000001,0.6001999999999998
0.2,110.0,0.7000000000000001,0.41042503753753734
0.2,110.0,0.8,0.25
0.2,110.0,0.9,0.25
0.2,110.0,1.0,0.25
0.2,120.0,0.0,0.25
0.2,120.0,0.1,0.25
0.2,120.0,0.2,0.25
0.2,120.0,0.30000000000000004,0.3583167667667668
0.2,120.0,0.4,0.6002000000000001
0.2,120.0,0.5,0.95
0.2,120.0,0.6000000000000001,0.6001999999999998
0.2,120.0,0.7000000000000001,0.41042503753753734
0.2,120.0,0.8,0.25
0.2,120.0,0.9,0.25
0.2,120.0,1.0,0.25
0.2,130.0,0.0,0.25
0.2,130.0,0.1,0.25
0.2,130.0,0.2,0.25
0.2,130.0,0.30000000000000004,0.3583167667667668
0.2,130.0,0.4,0.6002000000000001
0.2,130.0,0.5,0.95
0.2,130.0,0.6000000000000001,0.6001999999999998
0.2,130.0,0.7000000000000001,0.41042503753753734
0.2,130.0,0.8,0.25
0.2,130.0,0.9,0.25
0.2,130.0,1.0,0.25
0.2,140.0,0.0,0.25
0.2,140.0,0.1,0.25
0.2,140.0,0.2,0.25
0.2,140.0,0.30000000000000004,0.3583167667667668
0.2,140.0,0.4,0.6002000000000001
0.2,140.0,0.5,0.95
0.2,140.0,0.6000000000000001,0.6001999999999998
0.2,140.0,0.7000000000000001,0.41042503753753734
0.2,140.0,0.8,0.25
0.2,140.0,0.9,0.25
0.2,140.0,1.0,0.25
0.2,150.0,0.0,0.25
0.2,150.0,0.1,0.25
0.2,150.0,0.2,0.25
0.2,150.0,0.30000000000000004,0.3583167667667668
0.2,150.0,0.4,0.6002000000000001
0.2,150.0,0.5,0.95
0.2,150.0,0.6000000000000001,0.6001999999999998
0.2,150.0,0.7000000000000001,0.41042503753753734
0.2,150.0,0.8,0.25
0.2,150.0,0.9,0.25
0.2,150.0,1.0,0.25
0.2,160.0,0.0,0.25
0.2,160.0,0.1,0.25
0.2,160.0,0.2,0.25
0.2,160.0,0.30000000000000004,0.3583167667667668
0.2,160.0,0.4,0.6002000000000001
0.2,160.0,0.5,0.95
0.2,160.0,0.6000000000000001,0.6001999999999998
0.2,160.0,0.7000000000000001,0.41042503753753734
0.2,160.0,0.8,0.25
0.2,160.0,0.9,0.25
0.2,160.0,1.0,0.25
0.2,170.0,0.0,0.25
0.2,170.0,0.1,0.25
0.2,170.0,0.2,0.25
0.2,170.0,0.30000000000000004,0.3583167667667668
0.2,170.0,0.4,0.6002000000000001
0.2,170.0,0.5,0.95
0.2,170.0,0.6000000000000001,0.6001999999999998
0.2,170.0,0.7000000000000001,0.41042503753753734
0.2,170.0,0.8,0.25
0.2,170.0,0.9,0.25
0.2,170.0,1.0,0.25
0.2,180.0,0.0,0.25
0.2,180.0,0.1,0.25
0.2,180.0,0.2,0.25
0.2,180.0,0.30000000000000004,0.3583167667667668
0.2,180.0,0.4,0.6002000000000001
0.2,180.0,0.5,0.95
0.2,180.0,0.6000000000000001,0.6001999999999998
0.2,180.0,0.7000000000000001,0.41042503753753734
0.2,180.0,0.8,0.25
0.2,180.0,0.9,0.25
0.2,180.0,1.0,0.25
0.2,190.0,0.0,0.25
0.2,190.0,0.1,0.25
0.2,190.0,0.2,0.25
0.2,190.0,0.30000000000000004,0.3583167667667668
0.2,190.0,0.4,0.6002000000000001
0.2,190.0,0.5,0.95
0.2,190.0,0.6000000000000001,0.6001999999999998
0.2,190.0,0.7000000000000001,0.41042503753753734
0.2,190.0,0.8,0.25
0.2,190.0,0.9,0.25
0.2,190.0,1.0,0.25
0.2,200.0,0.0,0.25
0.2,200.0,0.1,0.25
0.2,200.0,0.2,0.25
0.2,200.0,0.30000000000000004,0.3583167667667668
0.2,200.0,0.4,0.6002000000000001
0.2,200.0,0.5,0.95
0.2,200.0,0.6000000000000001,0.6001999999999998
0.2,200.0,0.7000000000000001,0.41042503753753734
0.2,200.0,0.8,0.25
0.2,200.0,0.9,0.25
0.2,200.0,1.0,0.25
0.30000000000000004,0.0,0.0,0.25410022522522524
0.30000000000000004,0.0,0.1,0.25410022522522524
0.30000000000000004,0.0,0.2,0.25410022522522524
0.30000000000000004,0.0,0.30000000000000004,0.3583167667667669
0.30000000000000004,0.0,0.4,0.5837006006006006
0.30000000000000004,0.0,0.5,0.9168999999999999
0.30000000000000004,0.0,0.6000000000000001,0.5837006006006004
0.30000000000000004,0.0,0.7000000000000001,0.35831676676676666
0.30000000000000004,0.0,0.8,0.25410022522522524
0.30000000000000004,0.0,0.9,0.25410022522522524
0.30000000000000004,0.0,1.0,0.25410022522522524
0.30000000000000004,10.0,0.0,0.25410022522522524
0.30000000000000004,10.0,0.1,0.25410022522522524
0.30000000000000004,10.0,0.2,0.25410022522522524
0.30000000000000004,10.0,0.30000000000000004,0.3583167667667669
0.30000000000000004,10.0,0.4,0.5837006006006006
0.30000000000000004,10.0,0.5,0.9168999999999999
0.30000000000000004,10.0,0.6000000000000001,0.5837006006006004
0.30000000000000004,10.0,0.7000000000000001,0.35831676676676666
0.30000000000000004,10.0,0.8,0.25410022522522524
0.30000000000000004,10.0,0.9,0.25410022522522524
0.30000000000000004,10.0,1.0,0.25410022522522524
0.30000000000000004,20.0,0.0,0.25410022522522524
0.30000000000000004,20.0,0.1,0.25410022522522524
0.30000000000000004,20.0,0.2,0.25410022522522524
0.30000000000000004,20.0,0.30000000000000004,0.3583167667667669
0.30000000000000004,20.0,0.4,0.5837006006006006
0.30000000000000004,20.0,0.5,0.9168999999999999
0.30000000000000004,20.0,0.6000000000000001,0.5837006006006004
0.30000000000000004,20.0,0.7000000000000001,0.35831676676676666
0.30000000000000004,20.0,0.8,0.25410022522522524
0.30000000000000004,20.0,0.9,0.25410022522522524
0.30000000000000004,20.0,1.0,0.25410022522522524
0.30000000000000004,30.0,0.0,0.25410022522522524
0.30000000000000004,30.0,0.1,0.25410022522522524
0.30000000000000004,30.0,0.2,0.25410022522522524
0.30000000000000004,30.0,0.30000000000000004,0.3583167667667669
0.30000000000000004,30.0,0.4,0.5837006006006006
0.30000000000000004,30.0,0.5,0.9168999999999999
0.30000000000000004,30.0,0.6000000000000001,0.5837006006006004
0.30000000000000004,30.0,0.7000000000000001,0.35831676676676666
0.30000000000000004,30.0,0.8,0.25410022522522524
0.30000000000000004,30.0,0.9,0.25410022522522524
0.30000000000000004,30.0,1.0,0.25410022522522524
0.30000000000000004,40.0,0.0,0.25410022522522524
0.30000000000000004,40.0,0.1,0.25410022522522524
0.30000000000000004,40.0,0.2,0.25410022522522524
0.30000000000000004,40.0,0.30000000000000004,0.3583167667667669
0.30000000000000004,40.0,0.4,0.5837006006006006
0.30000000000000004,40.0,0.5,0.9168999999999999
0.30000000000000004,40.0,0.6000000000000001,0.5837006006006004
0.30000000000000004,40.0,0.7000000000000001,0.35831676676676666
0.30000000000000004,40.0,0.8,0.25410022522522524
0.30000000000000004,40.0,0.9,0.25410022522522524
0.30000000000000004,40.0,1.0,0.25410022522522524
0.30000000000000004,50.0,0.0,0.2555412912912913
0.30000000000000004,50.0,0.1,0.2555412912912913
0.30000000000000004,50.0,0.2,0.2555412912912913
0.30000000000000004,50.0,0.30000000000000004,0.3592161828495163
0.30000000000000004,50.0,0.4,0.5778664664664664
0.30000000000000004,50.0,0.5,0.9052666666666667
0.30000000000000004,50.0,0.6000000000000001,0.5778664664664662
0.30000000000000004,50.0,0.7000000000000001,0.388014114114114
0.30000000000000004,50.0,0.8,0.25410022522522524
0.30000000000000004,50.0,0.9,0.25410022522522524
0.30000000000000004,50.0,1.0,0.25410022522522524
0.30000000000000004,60.0,0.0,0.2542179054054054
0.30000000000000004,60.0,0.1,0.2542179054054054
0.30000000000000004,60.0,0.2,0.2542179054054054
0.30000000000000004,60.0,0.30000000000000004,0.3583952202202203
0.30000000000000004,60.0,0.4,0.5832241741741742
0.30000000000000004,60.0,0.5,0.9159499999999999
0.30000000000000004,60.0,0.6000000000000001,0.583224174174174
0.30000000000000004,60.0,0.7000000000000001,0.4104250375375374
0.30000000000000004,60.0,0.8,0.25410022522522524
0.30000000000000004,60.0,0.9,0.25410022522522524
0.30000000000000004,60.0,1.0,0.25410022522522524
0.30000000000000004,70.0,0.0,0.2517887387387387
0.30000000000000004,70.0,0.1,0.2517887387387387
0.30000000000000004,70.0,0.2,0.2517887387387387
0.30000000000000004,70.0,0.30000000000000004,0.3583167667667669
0.30000000000000004,70.0,0.4,0.5930586186186186
0.30000000000000004,70.0,0.5,0.93556
0.30000000000000004,70.0,0.6000000000000001,0.5930586186186185
0.30000000000000004,70.0,0.7000000000000001,0.4277944611277943
0.30000000000000004,70.0,0.8,0.25410022522522524
0.30000000000000004,70.0,0.9,0.25410022522522524
0.30000000000000004,70.0,1.0,0.25410022522522524
0.30000000000000004,80.0,0.0,0.2516400900900901
0.30000000000000004,80.0,0.1,0.2516400900900901
0.30000000000000004,80.0,0.2,0.2516400900900901
0.30000000000000004,80.0,0.30000000000000004,0.3583167667667669
0.30000000000000004,80.0,0.4,0.5936002402402402
0.30000000000000004,80.0,0.5,0.9367599999999999
0.30000000000000004,80.0,0.6000000000000001,0.5936002402402402
0.30000000000000004,80.0,0.7000000000000001,0.4277944611277943
0.30000000000000004,80.0,0.8,0.25410022522522524
0.30000000000000004,80.0,0.9,0.25410022522522524
0.30000000000000004,80.0,1.0,0.25410022522522524
0.30000000000000004,90.0,0.0,0.2516400900900901
0.30000000000000004,90.0,0.1,0.2516400900900901
0.30000000000000004,90.0,0.2,0.2516400900900901
0.30000000000000004,90.0,0.30000000000000004,0.3583167667667669
0.30000000000000004,90.0,0.4,0.5936002402402402
0.30000000000000004,90.0,0.5,0.9367599999999999
0.30000000000000004,90.0,0.6000000000000001,0.5936002402402402
0.30000000000000004,90.0,0.7000000000000001,0.4277944611277943
0.30000000000000004,90.0,0.8,0.25410022522522524
0.30000000000000004,90.0,0.9,0.25410022522522524
0.30000000000000004,90.0,1.0,0.25410022522522524
0.30000000000000004,100.0,0.0,0.2516400900900901
0.30000000000000004,100.0,0.1,0.2516400900900901
0.30000000000000004,100.0,0.2,0.2516400900900901
0.30000000000000004,100.0,0.30000000000000004,0.3583167667667669
0.30000000000000004,100.0,0.4,0.5936002402402402
0.30000000000000004,100.0,0.5,0.9367599999999999
0.30000000000000004,100.0,0.6000000000000001,0.5936002402402402
0.30000000000000004,100.0,0.7000000000000001,0.4277944611277943
0.30000000000000004,100.0,0.8,0.25410022522522524
0.30000000000000004,100.0,0.9,0.25410022522522524
0.30000000000000004,100.0,1.0,0.25410022522522524
0.30000000000000004,110.0,0.0,0.2516400900900901
0.30000000000000004,110.0,0.1,0.2516400900900901
0.30000000000000004,110.0,0.2,0.2516400900900901
0.30000000000000004,110.0,0.30000000000000004,0.3583167667667669
0.30000000000000004,110.0,0.4,0.5936002402402402
0.30000000000000004,110.0,0.5,0.9367599999999999
0.30000000000000004,110.0,0.6000000000000001,0.5936002402402402
0.30000000000000004,110.0,0.7000000000000001,0.4277944611277943
0.30000000000000004,110.0,0.8,0.25410022522522524
0.30000000000000004,110.0,0.9,0.25410022522522524
0.30000000000000004,110.0,1.0,0.25410022522522524
0.30000000000000004,120.0,0.0,0.2516400900900901
0.30000000000000004,120.0,0.1,0.2516400900900901
0.30000000000000004,120.0,0.2,0.2516400900900901
0.30000000000000004,120.0,0.30000000000000004,0.3583167667667669
0.30000000000000004,120.0,0.4,0.5936002402402402
0.30000000000000004,120.0,0.5,0.9367599999999999
0.30000000000000004,120.0,0.6000000000000001,0.5936002402402402
0.30000000000000004,120.0,0.7000000000000001,0.4277944611277943
0.30000000000000004,120.0,0.8,0.25410022522522524
0.30000000000000004,120.0,0.9,0.25410022522522524
0.30000000000000004,120.0,1.0,0.25410022522522524
0.30000000000000004,130.0,0.0,0.2516400900900901
0.30000000000000004,130.0,0.1,0.2516400900900901
0.30000000000000004,130.0,0.2,0.2516400900900901
0.30000000000000004,130.0,0.30000000000000004,0.3583167667667669
0.30000000000000004,130.0,0.4,0.5936002402402402
0.30000000000000004,130.0,0.5,0.9367599999999999
0.30000000000000004,130.0,0.6000000000000001,0.5936002402402402
0.30000000000000004,130.0,0.7000000000000001,0.4277944611277943
0.30000000000000004,130.0,0.8,0.25410022522522524
0.30000000000000004,130.0,0.9,0.25410022522522524
0.30000000000000004,130.0,1.0,0.25410022522522524
0.30000000000000004,140.0,0.0,0.2516400900900901
0.30000000000000004,140.0,0.1,0.2516400900900901
0.30000000000000004,140.0,0.2,0.2516400900900901
0.30000000000000004,140.0,0.30000000000000004,0.3583167667667669
0.30000000000000004,140.0,0.4,0.5936002402402402
0.30000000000000004,140.0,0.5,0.9367599999999999
0.30000000000000004,140.0,0.6000000000000001,0.5936002402402402
0.30000000000000004,140.0,0.7000000000000001,0.4277944611277943
0.30000000000000004,140.0,0.8,0.25410022522522524
0.30000000000000004,140.0,0.9,0.25410022522522524
0.30000000000000004,140.0,1.0,0.25410022522522524
0.30000000000000004,150.0,0.0,0.2516400900900901
0.30000000000000004,150.0,0.1,0.2516400900900901
0.30000000000000004,150.0,0.2,0.2516400900900901
0.30000000000000004,150.0,0.30000000000000004,0.3583167667667669
0.30000000000000004,150.0,0.4,0.5936002402402402
0.30000000000000004,150.0,0.5,0.9367599999999999
0.30000000000000004,150.0,0.6000000000000001,0.5936002402402402
0.30000000000000004,150.0,0.7000000000000001,0.4277944611277943
0.30000000000000004,150.0,0.8,0.25410022522522524
0.30000000000000004,150.0,0.9,0.25410022522522524
0.30000000000000004,150.0,1.0,0.25410022522522524
0.30000000000000004,160.0,0.0,0.2516400900900901
0.30000000000000004,160.0,0.1,0.2516400900900901
0.30000000000000004,160.0,0.2,0.2516400900900901
0.30000000000000004,160.0,0.30000000000000004,0.3583167667667669
0.30000000000000004,160.0,0.4,0.5936002402402402
0.30000000000000004,160.0,0.5,0.9367599999999999
0.30000000000000004,160.0,0.6000000000000001,0.5936002402402402
0.30000000000000004,160.0,0.7000000000000001,0.4277944611277943
0.30000000000000004,160.0,0.8,0.25410022522522524
0.30000000000000004,160.0,0.9,0.25410022522522524
0.30000000000000004,160.0,1.0,0.25410022522522524
0.30000000000000004,170.0,0.0,0.2516400900900901
0.30000000000000004,170.0,0.1,0.2516400900900901
0.30000000000000004,170.0,0.2,0.2516400900900901
0.30000000000000004,170.0,0.30000000000000004,0.3583167667667669
0.30000000000000004,170.0,0.4,0.5936002402402402
0.30000000000000004,170.0,0.5,0.9367599999999999
0.30000000000000004,170.0,0.6000000000000001,0.5936002402402402
0.30000000000000004,170.0,0.7000000000000001,0.4277944611277943
0.30000000000000004,170.0,0.8,0.25410022522522524
0.30000000000000004,170.0,0.9,0.25410022522522524
0.30000000000000004,170.0,1.0,0.25410022522522524
0.30000000000000004,180.0,0.0,0.2516400900900901
0.30000000000000004,180.0,0.1,0.2516400900900901
0.30000000000000004,180.0,0.2,0.2516400900900901
0.30000000000000004,180.0,0.30000000000000004,0.3583167667667669
0.30000000000000004,180.0,0.4,0.5936002402402402
0.30000000000000004,180.0,0.5,0.9367599999999999
0.30000000000000004,180.0,0.6000000000000001,0.5936002402402402
0.30000000000000004,180.0,0.7000000000000001,0.4277944611277943
0.30000000000000004,180.0,0.8,0.25410022522522524
0.30000000000000004,180.0,0.9,0.25410022522522524
0.30000000000000004,180.0,1.0,0.25410022522522524
0.30000000000000004,190.0,0.0,0.2516400900900901
0.30000000000000004,190.0,0.1,0.2516400900900901
0.30000000000000004,190.0,0.2,0.2516400900900901
0.30000000000000004,190.0,0.30000000000000004,0.3583167667667669
0.30000000000000004,190.0,0.4,0.5936002402402402
0.30000000000000004,190.0,0.5,0.9367599999999999
0.30000000000000004,190.0,0.6000000000000001,0.5936002402402402
0.30000000000000004,190.0,0.7000000000000001,0.4277944611277943
0.30000000000000004,190.0,0.8,0.25410022522522524
0.30000000000000004,190.0,0.9,0.25410022522522524
0.30000000000000004,190.0,1.0,0.25410022522522524
0.30000000000000004,200.0,0.0,0.2516400900900901
0.30000000000000004,200.0,0.1,0.2516400900900901
0.30000000000000004,200.0,0.2,0.2516400900900901
0.30000000000000004,200.0,0.30000000000000004,0.3583167667667669
0.30000000000000004,200.0,0.4,0.5936002402402402
0.30000000000000004,200.0,0.5,0.9367599999999999
0.30000000000000004,200.0,0.6000000000000001,0.5936002402402402
0.30000000000000004,200.0,0.7000000000000001,0.4277944611277943
0.30000000000000004,200.0,0.8,0.25410022522522524
0.30000000000000004,200.0,0.9,0.25410022522522524
0.30000000000000004,200.0,1.0,0.25410022522522524
0.4,0.0,0.0,0.004874999999999985
0.4,0.0,0.1,0.004874999999999985
0.4,0.0,0.2,0.004874999999999985
0.4,0.0,0.30000000000000004,0.09161238738738745
0.4,0.0,0.4,0.2524155405405405
0.4,0.0,0.5,0.2524155405405405
0.4,0.0,0.6000000000000001,0.2524155405405404
0.4,0.0,0.7000000000000001,0.09161238738738726
0.4,0.0,0.8,0.004874999999999985
0.4,0.0,0.9,0.004874999999999985
0.4,0.0,1.0,0.004874999999999985
0.4,10.0,0.0,0.004874999999999985
0.4,10.0,0.1,0.004874999999999985
0.4,10.0,0.2,0.004874999999999985
0.4,10.0,0.30000000000000004,0.09161238738738745
0.4,10.0,0.4,0.2524155405405405
0.4,10.0,0.5,0.2524155405405405
0.4,10.0,0.6000000000000001,0.2524155405405404
0.4,10.0,0.7000000000000001,0.09161238738738726
0.4,10.0,0.8,0.004874999999999985
0.4,10.0,0.9,0.004874999999999985
0.4,10.0,1.0,0.004874999999999985
0.4,20.0,0.0,0.008249999999999999
0.4,20.0,0.1,0.008249999999999999
0.4,20.0,0.2,0.008249999999999999
0.4,20.0,0.30000000000000004,0.09161238738738745
0.4,20.0,0.4,0.25408783783783784
0.4,20.0,0.5,0.25408783783783784
0.4,20.0,0.6000000000000001,0.2540878378378376
0.4,20.0,0.7000000000000001,0.09161238738738724
0.4,20.0,0.8,0.008249999999999999
0.4,20.0,0.9,0.008249999999999999
0.4,20.0,1.0,0.008249999999999999
0.4,30.0,0.0,0.016499999999999997
0.4,30.0,0.1,0.016499999999999997
0.4,30.0,0.2,0.016499999999999997
0.4,30.0,0.30000000000000004,0.09709572072072077
0.4,30.0,0.4,0.2581756756756757
0.4,30.0,0.5,0.2581756756756757
0.4,30.0,0.6000000000000001,0.25817567567567545
0.4,30.0,0.7000000000000001,0.09709572072072059
0.4,30.0,0.8,0.016499999999999997
0.4,30.0,0.9,0.016499999999999997
0.4,30.0,1.0,0.016499999999999997
0.4,40.0,0.0,None
0.4,40.0,0.1,None
0.4,40.0,0.2,None
0.4,40.0,0.30000000000000004,None
0.4,40.0,0.4,None
0.4,40.0,0.5,None
0.4,40.0,0.6000000000000001,None
0.4,40.0,0.7000000000000001,None
0.4,40.0,0.8,None
0.4,40.0,0.9,None
0.4,40.0,1.0,None
0.4,50.0,0.0,0.2584234234234234
0.4,50.0,0.1,0.2584234234234234
0.4,50.0,0.2,0.2584234234234234
0.4,50.0,0.30000000000000004,0.36101501501501504
0.4,50.0,0.4,0.5661981981981982
0.4,50.0,0.5,0.882
0.4,50.0,0.6000000000000001,0.5661981981981982
0.4,50.0,0.7000000000000001,0.5661981981981982
0.4,50.0,0.8,None
0.4,50.0,0.9,None
0.4,50.0,1.0,None
0.4,60.0,0.0,0.25433558558558556
0.4,60.0,0.1,0.25433558558558556
0.4,60.0,0.2,0.25433558558558556
0.4,60.0,0.30000000000000004,0.3584736736736737
0.4,60.0,0.4,0.5827477477477477
0.4,60.0,0.5,0.915
0.4,60.0,0.6000000000000001,0.5827477477477477
0.4,60.0,0.7000000000000001,0.5667498498498498
0.4,60.0,0.8,None
0.4,60.0,0.9,None
0.4,60.0,1.0,None
0.4,70.0,0.0,0.2502477477477477
0.4,70.0,0.1,0.2502477477477477
0.4,70.0,0.2,0.2502477477477477
0.4,70.0,0.30000000000000004,0.3583167667667668
0.4,70.0,0.4,0.5992972972972973
0.4,70.0,0.5,0.9480000000000001
0.4,70.0,0.6000000000000001,0.5992972972972973
0.4,70.0,0.7000000000000001,0.5667498498498498
0.4,70.0,0.8,None
0.4,70.0,0.9,None
0.4,70.0,1.0,None
0.4,80.0,0.0,0.25
0.4,80.0,0.1,0.25
0.4,80.0,0.2,0.25
0.4,80.0,0.30000000000000004,0.3583167667667668
0.4,80.0,0.4,0.6002000000000001
0.4,80.0,0.5,0.95
0.4,80.0,0.6000000000000001,0.6002
0.4,80.0,0.7000000000000001,0.5667498498498498
0.4,80.0,0.8,None
0.4,80.0,0.9,None
0.4,80.0,1.0,None
0.4,90.0,0.0,0.25
0.4,90.0,0.1,0.25
0.4,90.0,0.2,0.25
0.4,90.0,0.30000000000000004,0.3583167667667668
0.4,90.0,0.4,0.6002000000000001
0.4,90.0,0.5,0.95
0.4,90.0,0.6000000000000001,0.6002
0.4,90.0,0.7000000000000001,0.5667498498498498
0.4,90.0,0.8,None
0.4,90.0,0.9,None
0.4,90.0,1.0,None
0.4,100.0,0.0,0.25
0.4,100.0,0.1,0.25
0.4,100.0,0.2,0.25
0.4,100.0,0.30000000000000004,0.3583167667667668
0.4,100.0,0.4,0.6002000000000001
0.4,100.0,0.5,0.95
0.4,100.0,0.6000000000000001,0.6002
0.4,100.0,0.7000000000000001,0.5667498498498498
0.4,100.0,0.8,None
0.4,100.0,0.9,None
0.4,100.0,1.0,None
0.4,110.0,0.0,0.25
0.4,110.0,0.1,0.25
0.4,110.0,0.2,0.25
0.4,110.0,0.30000000000000004,0.3583167667667668
0.4,110.0,0.4,0.6002000000000001
0.4,110.0,0.5,0.95
0.4,110.0,0.6000000000000001,0.6002
0.4,110.0,0.7000000000000001,0.5667498498498498
0.4,110.0,0.8,None
0.4,110.0,0.9,None
0.4,110.0,1.0,None
0.4,120.0,0.0,0.25
0.4,120.0,0.1,0.25
0.4,120.0,0.2,0.25
0.4,120.0,0.30000000000000004,0.3583167667667668
0.4,120.0,0.4,0.6002000000000001
0.4,120.0,0.5,0.95
0.4,120.0,0.6000000000000001,0.6002
0.4,120.0,0.7000000000000001,0.5667498498498498
0.4,120.0,0.8,None
0.4,120.0,0.9,None
0.4,120.0,1.0,None
0.4,130.0,0.0,0.25
0.4,130.0,0.1,0.25
0.4,130.0,0.2,0.25
0.4,130.0,0.30000000000000004,0.3583167667667668
0.4,130.0,0.4,0.6002000000000001
0.4,130.0,0.5,0.95
0.4,130.0,0.6000000000000001,0.6002
0.4,130.0,0.7000000000000001,0.5667498498498498
0.4,130.0,0.8,None
0.4,130.0,0.9,None
0.4,130.0,1.0,None
0.4,140.0,0.0,0.25
0.4,140.0,0.1,0.25
0.4,140.0,0.2,0.25
0.4,140.0,0.30000000000000004,0.3583167667667668
0.4,140.0,0.4,0.6002000000000001
0.4,140.0,0.5,0.95
0.4,140.0,0.6000000000000001,0.6002
0.4,140.0,0.7000000000000001,0.5667498498498498
0.4,140.0,0.8,None
0.4,140.0,0.9,None
0.4,140.0,1.0,None
0.4,150.0,0.0,0.25
0.4,150.0,0.1,0.25
0.4,150.0,0.2,0.25
0.4,150.0,0.30000000000000004,0.3583167667667668
0.4,150.0,0.4,0.6002000000000001
0.4,150.0,0.5,0.95
0.4,150.0,0.6000000000000001,0.6002
0.4,150.0,0.7000000000000001,0.5667498498498498
0.4,150.0,0.8,None
0.4,150.0,0.9,None
0.4,150.0,1.0,None
0.4,160.0,0.0,0.25
0.4,160.0,0.1,0.25
0.4,160.0,0.2,0.25
0.4,160.0,0.30000000000000004,0.3583167667667668
0.4,160.0,0.4,0.6002000000000001
0.4,160.0,0.5,0.95
0.4,160.0,0.6000000000000001,0.6002
0.4,160.0,0.7000000000000001,0.5667498498498498
0.4,160.0,0.8,None
0.4,160.0,0.9,None
0.4,160.0,1.0,None
0.4,170.0,0.0,0.25
0.4,170.0,0.1,0.25
0.4,170.0,0.2,0.25
0.4,170.0,0.30000000000000004,0.3583167667667668
0.4,170.0,0.4,0.6002000000000001
0.4,170.0,0.5,0.95
0.4,170.0,0.6000000000000001,0.6002
0.4,170.0,0.7000000000000001,0.5667498498498498
0.4,170.0,0.8,None
0.4,170.0,0.9,None
0.4,170.0,1.0,None
0.4,180.0,0.0,0.25
0.4,180.0,0.1,0.25
0.4,180.0,0.2,0.25
0.4,180.0,0.30000000000000004,0.3583167667667668
0.4,180.0,0.4,0.6002000000000001
0.4,180.0,0.5,0.95
0.4,180.0,0.6000000000000001,0.6002
0.4,180.0,0.7000000000000001,0.5667498498498498
0.4,180.0,0.8,None
0.4,180.0,0.9,None
0.4,180.0,1.0,None
0.4,190.0,0.0,0.25
0.4,190.0,0.1,0.25
0.4,190.0,0.2,0.25
0.4,190.0,0.30000000000000004,0.3583167667667668
0.4,190.0,0.4,0.6002000000000001
0.4,190.0,0.5,0.95
0.4,190.0,0.6000000000000001,0.6002
0.4,190.0,0.7000000000000001,0.5667498498498498
0.4,190.0,0.8,None
0.4,190.0,0.9,None
0.4,190.0,1.0,None
0.4,200.0,0.0,0.25
0.4,200.0,0.1,0.25
0.4,200.0,0.2,0.25
0.4,200.0,0.30000000000000004,0.3583167667667668
0.4,200.0,0.4,0.6002000000000001
0.4,200.0,0.5,0.95
0.4,200.0,0.6000000000000001,0.6002
0.4,200.0,0.7000000000000001,0.5667498498498498
0.4,200.0,0.8,None
0.4,200.0,0.9,None
0.4,200.0,1.0,None
0.5,0.0,0.0,0.014147846889952152
0.5,0.0,0.1,0.014147846889952152
0.5,0.0,0.2,0.014147846889952152
0.5,0.0,0.30000000000000004,0.04652698823225143
0.5,0.0,0.4,0.11126037760248292
0.5,0.0,0.5,0.11126037760248292
0.5,0.0,0.6000000000000001,0.11126037760248285
0.5,0.0,0.7000000000000001,0.04652698823225136
0.5,0.0,0.8,0.014147846889952152
0.5,0.0,0.9,0.014147846889952152
0.5,0.0,1.0,0.014147846889952152
0.5,10.0,0.0,0.014147846889952152
0.5,10.0,0.1,0.014147846889952152
0.5,10.0,0.2,0.014147846889952152
0.5,10.0,0.30000000000000004,0.04652698823225143
0.5,10.0,0.4,0.11126037760248292
0.5,10.0,0.5,0.11126037760248292
0.5,10.0,0.6000000000000001,0.11126037760248285
0.5,10.0,0.7000000000000001,0.04652698823225136
0.5,10.0,0.8,0.014147846889952152
0.5,10.0,0.9,0.014147846889952152
0.5,10.0,1.0,0.014147846889952152
0.5,20.0,0.0,0.01414784688995215
0.5,20.0,0.1,0.01414784688995215
0.5,20.0,0.2,0.01414784688995215
0.5,20.0,0.30000000000000004,0.04652698823225143
0.5,20.0,0.4,0.11126037760248292
0.5,20.0,0.5,0.11126037760248292
0.5,20.0,0.6000000000000001,0.11126037760248288
0.5,20.0,0.7000000000000001,0.04652698823225136
0.5,20.0,0.8,0.01414784688995215
0.5,20.0,0.9,0.01414784688995215
0.5,20.0,1.0,0.01414784688995215
0.5,30.0,0.0,0.016540191387559803
0.5,30.0,0.1,0.016540191387559803
0.5,30.0,0.2,0.016540191387559803
0.5,30.0,0.30000000000000004,0.04891933272985908
0.5,30.0,0.4,0.11365272210009056
0.5,30.0,0.5,0.11365272210009056
0.5,30.0,0.6000000000000001,0.11365272210009052
0.5,30.0,0.7000000000000001,0.04891933272985901
0.5,30.0,0.8,0.016540191387559803
0.5,30.0,0.9,0.016540191387559803
0.5,30.0,1.0,0.016540191387559803
0.5,40.0,0.0,None
0.5,40.0,0.1,None
0.5,40.0,0.2,None
0.5,40.0,0.30000000000000004,None
0.5,40.0,0.4,None
0.5,40.0,0.5,None
0.5,40.0,0.6000000000000001,None
0.5,40.0,0.7000000000000001,None
0.5,40.0,0.8,None
0.5,40.0,0.9,None
0.5,40.0,1.0,None
0.5,50.0,0.0,0.2584234234234234
0.5,50.0,0.1,0.2584234234234234
0.5,50.0,0.2,0.2584234234234234
0.5,50.0,0.30000000000000004,0.36101501501501504
0.5,50.0,0.4,0.5661981981981982
0.5,50.0,0.5,0.882
0.5,50.0,0.6000000000000001,0.5661981981981982
0.5,50.0,0.7000000000000001,0.5661981981981982
0.5,50.0,0.8,None
0.5,50.0,0.9,None
0.5,50.0,1.0,None
0.5,60.0,0.0,0.25433558558558556
0.5,60.0,0.1,0.25433558558558556
0.5,60.0,0.2,0.25433558558558556
0.5,60.0,0.30000000000000004,0.3584736736736737
0.5,60.0,0.4,0.5827477477477477
0.5,60.0,0.5,0.915
0.5,60.0,0.6000000000000001,0.5827477477477477
0.5,60.0,0.7000000000000001,0.5667498498498498
0.5,60.0,0.8,None
0.5,60.0,0.9,None
0.5,60.0,1.0,None
0.5,70.0,0.0,0.2502477477477477
0.5,70.0,0.1,0.2502477477477477
0.5,70.0,0.2,0.2502477477477477
0.5,70.0,0.30000000000000004,0.3583167667667668
0.5,70.0,0.4,0.5992972972972973
0.5,70.0,0.5,0.9480000000000001
0.5,70.0,0.6000000000000001,0.5992972972972973
0.5,70.0,0.7000000000000001,0.5667498498498498
0.5,70.0,0.8,None
0.5,70.0,0.9,None
0.5,70.0,1.0,None
0.5,80.0,0.0,0.25
0.5,80.0,0.1,0.25
0.5,80.0,0.2,0.25
0.5,80.0,0.30000000000000004,0.3583167667667668
0.5,80.0,0.4,0.6002000000000001
0.5,80.0,0.5,0.95
0.5,80.0,0.6000000000000001,0.6002
0.5,80.0,0.7000000000000001,0.5667498498498498
0.5,80.0,0.8,None
0.5,80.0,0.9,None
0.5,80.0,1.0,None
0.5,90.0,0.0,0.25
0.5,90.0,0.1,0.25
0.5,90.0,0.2,0.25
0.5,90.0,0.30000000000000004,0.3583167667667668
0.5,90.0,0.4,0.6002000000000001
0.5,90.0,0.5,0.95
0.5,90.0,0.6000000000000001,0.6002
0.5,90.0,0.7000000000000001,0.5667498498498498
0.5,90.0,0.8,None
0.5,90.0,0.9,None
0.5,90.0,1.0,None
0.5,100.0,0.0,0.25
0.5,100.0,0.1,0.25
0.5,100.0,0.2,0.25
0.5,100.0,0.30000000000000004,0.3583167667667668
0.5,100.0,0.4,0.6002000000000001
0.5,100.0,0.5,0.95
0.5,100.0,0.6000000000000001,0.6002
0.5,100.0,0.7000000000000001,0.5667498498498498
0.5,100.0,0.8,None
0.5,100.0,0.9,None
0.5,100.0,1.0,None
0.5,110.0,0.0,0.25
0.5,110.0,0.1,0.25
0.5,110.0,0.2,0.25
0.5,110.0,0.30000000000000004,0.3583167667667668
0.5,110.0,0.4,0.6002000000000001
0.5,110.0,0.5,0.95
0.5,110.0,0.6000000000000001,0.6002
0.5,110.0,0.7000000000000001,0.5667498498498498
0.5,110.0,0.8,None
0.5,110.0,0.9,None
0.5,110.0,1.0,None
0.5,120.0,0.0,0.25
0.5,120.0,0.1,0.25
0.5,120.0,0.2,0.25
0.5,120.0,0.30000000000000004,0.3583167667667668
0.5,120.0,0.4,0.6002000000000001
0.5,120.0,0.5,0.95
0.5,120.0,0.6000000000000001,0.6002
0.5,120.0,0.7000000000000001,0.5667498498498498
0.5,120.0,0.8,None
0.5,120.0,0.9,None
0.5,120.0,1.0,None
0.5,130.0,0.0,0.25
0.5,130.0,0.1,0.25
0.5,130.0,0.2,0.25
0.5,130.0,0.30000000000000004,0.3583167667667668
0.5,130.0,0.4,0.6002000000000001
0.5,130.0,0.5,0.95
0.5,130.0,0.6000000000000001,0.6002
0.5,130.0,0.7000000000000001,0.5667498498498498
0.5,130.0,0.8,None
0.5,130.0,0.9,None
0.5,130.0,1.0,None
0.5,140.0,0.0,0.25
0.5,140.0,0.1,0.25
0.5,140.0,0.2,0.25
0.5,140.0,0.30000000000000004,0.3583167667667668
0.5,140.0,0.4,0.6002000000000001
0.5,140.0,0.5,0.95
0.5,140.0,0.6000000000000001,0.6002
0.5,140.0,0.7000000000000001,0.5667498498498498
0.5,140.0,0.8,None
0.5,140.0,0.9,None
0.5,140.0,1.0,None
0.5,150.0,0.0,0.25
0.5,150.0,0.1,0.25
0.5,150.0,0.2,0.25
0.5,150.0,0.30000000000000004,0.3583167667667668
0.5,150.0,0.4,0.6002000000000001
0.5,150.0,0.5,0.95
0.5,150.0,0.6000000000000001,0.6002
0.5,150.0,0.7000000000000001,0.5667498498498498
0.5,150.0,0.8,None
0.5,150.0,0.9,None
0.5,150.0,1.0,None
0.5,160.0,0.0,0.25
0.5,160.0,0.1,0.25
0.5,160.0,0.2,0.25
0.5,160.0,0.30000000000000004,0.3583167667667668
0.5,160.0,0.4,0.6002000000000001
0.5,160.0,0.5,0.95
0.5,160.0,0.6000000000000001,0.6002
0.5,160.0,0.7000000000000001,0.5667498498498498
0.5,160.0,0.8,None
0.5,160.0,0.9,None
0.5,160.0,1.0,None
0.5,170.0,0.0,0.25
0.5,170.0,0.1,0.25
0.5,170.0,0.2,0.25
0.5,170.0,0.30000000000000004,0.3583167667667668
0.5,170.0,0.4,0.6002000000000001
0.5,170.0,0.5,0.95
0.5,170.0,0.6000000000000001,0.6002
0.5,170.0,0.7000000000000001,0.5667498498498498
0.5,170.0,0.8,None
0.5,170.0,0.9,None
0.5,170.0,1.0,None
0.5,180.0,0.0,0.25
0.5,180.0,0.1,0.25
0.5,180.0,0.2,0.25
0.5,180.0,0.30000000000000004,0.3583167667667668
0.5,180.0,0.4,0.6002000000000001
0.5,180.0,0.5,0.95
0.5,180.0,0.6000000000000001,0.6002
0.5,180.0,0.7000000000000001,0.5667498498498498
0.5,180.0,0.8,None
0.5,180.0,0.9,None
0.5,180.0,1.0,None
0.5,190.0,0.0,0.25
0.5,190.0,0.1,0.25
0.5,190.0,0.2,0.25
0.5,190.0,0.30000000000000004,0.3583167667667668
0.5,190.0,0.4,0.6002000000000001
0.5,190.0,0.5,0.95
0.5,190.0,0.6000000000000001,0.6002
0.5,190.0,0.7000000000000001,0.5667498498498498
0.5,190.0,0.8,None
0.5,190.0,0.9,None
0.5,190.0,1.0,None
0.5,200.0,0.0,0.25
0.5,200.0,0.1,0.25
0.5,200.0,0.2,0.25
0.5,200.0,0.30000000000000004,0.3583167667667668
0.5,200.0,0.4,0.6002000000000001
0.5,200.0,0.5,0.95
0.5,200.0,0.6000000000000001,0.6002
0.5,200.0,0.7000000000000001,0.5667498498498498
0.5,200.0,0.8,None
0.5,200.0,0.9,None
0.5,200.0,1.0,None
0.6000000000000001,0.0,0.0,0.008750000000000013
0.6000000000000001,0.0,0.1,0.008750000000000013
0.6000000000000001,0.0,0.2,0.008750000000000013
0.6000000000000001,0.0,0.30000000000000004,0.008750000000000013
0.6000000000000001,0.0,0.4,0.008750000000000013
0.6000000000000001,0.0,0.5,0.008750000000000013
0.6000000000000001,0.0,0.6000000000000001,0.008750000000000013
0.6000000000000001,0.0,0.7000000000000001,0.008750000000000013
0.6000000000000001,0.0,0.8,0.008750000000000013
0.6000000000000001,0.0,0.9,0.008750000000000013
0.6000000000000001,0.0,1.0,0.008750000000000013
0.6000000000000001,10.0,0.0,0.008750000000000013
0.6000000000000001,10.0,0.1,0.008750000000000013
0.6000000000000001,10.0,0.2,0.008750000000000013
0.6000000000000001,10.0,0.30000000000000004,0.008750000000000013
0.6000000000000001,10.0,0.4,0.008750000000000013
0.6000000000000001,10.0,0.5,0.008750000000000013
0.6000000000000001,10.0,0.6000000000000001,0.008750000000000013
0.6000000000000001,10.0,0.7000000000000001,0.008750000000000013
0.6000000000000001,10.0,0.8,0.008750000000000013
0.6000000000000001,10.0,0.9,0.008750000000000013
0.6000000000000001,10.0,1.0,0.008750000000000013
0.6000000000000001,20.0,0.0,0.008750000000000013
0.6000000000000001,20.0,0.1,0.008750000000000013
0.6000000000000001,20.0,0.2,0.008750000000000013
0.6000000000000001,20.0,0.30000000000000004,0.008750000000000013
0.6000000000000001,20.0,0.4,0.008750000000000013
0.6000000000000001,20.0,0.5,0.008750000000000013
0.6000000000000001,20.0,0.6000000000000001,0.008750000000000013
0.6000000000000001,20.0,0.7000000000000001,0.008750000000000013
0.6000000000000001,20.0,0.8,0.008750000000000013
0.6000000000000001,20.0,0.9,0.008750000000000013
0.6000000000000001,20.0,1.0,0.008750000000000013
0.6000000000000001,30.0,0.0,0.016499999999999997
0.6000000000000001,30.0,0.1,0.016499999999999997
0.6000000000000001,30.0,0.2,0.016499999999999997
0.6000000000000001,30.0,0.30000000000000004,0.016499999999999997
0.6000000000000001,30.0,0.4,0.016499999999999997
0.6000000000000001,30.0,0.5,0.016499999999999997
0.6000000000000001,30.0,0.6000000000000001,0.016499999999999997
0.6000000000000001,30.0,0.7000000000000001,0.016499999999999997
0.6000000000000001,30.0,0.8,0.016499999999999997
0.6000000000000001,30.0,0.9,0.016499999999999997
0.6000000000000001,30.0,1.0,0.016499999999999997
0.6000000000000001,40.0,0.0,None
0.6000000000000001,40.0,0.1,None
0.6000000000000001,40.0,0.2,None
0.6000000000000001,40.0,0.30000000000000004,None
0.6000000000000001,40.0,0.4,None
0.6000000000000001,40.0,0.5,None
0.6000000000000001,40.0,0.6000000000000001,None
0.6000000000000001,40.0,0.7000000000000001,None
0.6000000000000001,40.0,0.8,None
0.6000000000000001,40.0,0.9,None
0.6000000000000001,40.0,1.0,None
0.6000000000000001,50.0,0.0,0.2584234234234234
0.6000000000000001,50.0,0.1,0.2584234234234234
0.6000000000000001,50.0,0.2,0.2584234234234234
0.6000000000000001,50.0,0.30000000000000004,0.36101501501501504
0.6000000000000001,50.0,0.4,0.5661981981981982
0.6000000000000001,50.0,0.5,0.882
0.6000000000000001,50.0,0.6000000000000001,0.5661981981981982
0.6000000000000001,50.0,0.7000000000000001,0.5661981981981982
0.6000000000000001,50.0,0.8,None
0.6000000000000001,50.0,0.9,None
0.6000000000000001,50.0,1.0,None
0.6000000000000001,60.0,0.0,0.25433558558558556
0.6000000000000001,60.0,0.1,0.25433558558558556
0.6000000000000001,60.0,0.2,0.25433558558558556
0.6000000000000001,60.0,0.30000000000000004,0.3584736736736737
0.6000000000000001,60.0,0.4,0.5827477477477477
0.6000000000000001,60.0,0.5,0.915
0.6000000000000001,60.0,0.6000000000000001,0.5827477477477477
0.6000000000000001,60.0,0.7000000000000001,0.5667498498498498
0.6000000000000001,60.0,0.8,None
0.6000000000000001,60.0,0.9,None
0.6000000000000001,60.0,1.0,None
0.6000000000000001,70.0,0.0,0.2502477477477477
0.6000000000000001,70.0,0.1,0.2502477477477477
0.6000000000000001,70.0,0.2,0.2502477477477477
0.6000000000000001,70.0,0.30000000000000004,0.3583167667667668
0.6000000000000001,70.0,0.4,0.5992972972972973
0.6000000000000001,70.0,0.5,0.9480000000000001
0.6000000000000001,70.0,0.6000000000000001,0.5992972972972973
0.6000000000000001,70.0,0.7000000000000001,0.5667498498498498
0.6000000000000001,70.0,0.8,None
0.6000000000000001,70.0,0.9,None
0.6000000000000001,70.0,1.0,None
0.6000000000000001,80.0,0.0,0.25
0.6000000000000001,80.0,0.1,0.25
0.6000000000000001,80.0,0.2,0.25
0.6000000000000001,80.0,0.30000000000000004,0.3583167667667668
0.6000000000000001,80.0,0.4,0.6002000000000001
0.6000000000000001,80.0,0.5,0.95
0.6000000000000001,80.0,0.6000000000000001,0.6002
0.6000000000000001,80.0,0.7000000000000001,0.5667498498498498
0.6000000000000001,80.0,0.8,None
0.6000000000000001,80.0,0.9,None
0.6000000000000001,80.0,1.0,None
0.6000000000000001,90.0,0.0,0.25
0.6000000000000001,90.0,0.1,0.25
0.6000000000000001,90.0,0.2,0.25
0.6000000000000001,90.0,0.30000000000000004,0.3583167667667668
0.6000000000000001,90.0,0.4,0.6002000000000001
0.6000000000000001,90.0,0.5,0.95
0.6000000000000001,90.0,0.6000000000000001,0.6002
0.6000000000000001,90.0,0.7000000000000001,0.5667498498498498
0.6000000000000001,90.0,0.8,None
0.6000000000000001,90.0,0.9,None
0.6000000000000001,90.0,1.0,None
0.6000000000000001,100.0,0.0,0.25
0.6000000000000001,100.0,0.1,0.25
0.6000000000000001,100.0,0.2,0.25
0.6000000000000001,100.0,0.30000000000000004,0.3583167667667668
0.6000000000000001,100.0,0.4,0.6002000000000001
0.6000000000000001,100.0,0.5,0.95
0.6000000000000001,100.0,0.6000000000000001,0.6002
0.6000000000000001,100.0,0.7000000000000001,0.5667498498498498
0.6000000000000001,100.0,0.8,None
0.6000000000000001,100.0,0.9,None
0.6000000000000001,100.0,1.0,None
0.6000000000000001,110.0,0.0,0.25
0.6000000000000001,110.0,0.1,0.25
0.6000000000000001,110.0,0.2,0.25
0.6000000000000001,110.0,0.30000000000000004,0.3583167667667668
0.6000000000000001,110.0,0.4,0.6002000000000001
0.6000000000000001,110.0,0.5,0.95
0.6000000000000001,110.0,0.6000000000000001,0.6002
0.6000000000000001,110.0,0.7000000000000001,0.5667498498498498
0.6000000000000001,110.0,0.8,None
0.6000000000000001,110.0,0.9,None
0.6000000000000001,110.0,1.0,None
0.6000000000000001,120.0,0.0,0.25
0.6000000000000001,120.0,0.1,0.25
0.6000000000000001,120.0,0.2,0.25
0.6000000000000001,120.0,0.30000000000000004,0.3583167667667668
0.6000000000000001,120.0,0.4,0.6002000000000001
0.6000000000000001,120.0,0.5,0.95
0.6000000000000001,120.0,0.6000000000000001,0.6002
0.6000000000000001,120.0,0.7000000000000001,0.5667498498498498
0.6000000000000001,120.0,0.8,None
0.6000000000000001,120.0,0.9,None
0.6000000000000001,120.0,1.0,None
0.6000000000000001,130.0,0.0,0.25
0.6000000000000001,130.0,0.1,0.25
0.6000000000000001,130.0,0.2,0.25
0.6000000000000001,130.0,0.30000000000000004,0.3583167667667668
0.6000000000000001,130.0,0.4,0.6002000000000001
0.6000000000000001,130.0,0.5,0.95
0.6000000000000001,130.0,0.6000000000000001,0.6002
0.6000000000000001,130.0,0.7000000000000001,0.5667498498498498
0.6000000000000001,130.0,0.8,None
0.6000000000000001,130.0,0.9,None
0.6000000000000001,130.0,1.0,None
0.6000000000000001,140.0,0.0,0.25
0.6000000000000001,140.0,0.1,0.25
0.6000000000000001,140.0,0.2,0.25
0.6000000000000001,140.0,0.30000000000000004,0.3583167667667668
0.6000000000000001,140.0,0.4,0.6002000000000001
0.6000000000000001,140.0,0.5,0.95
0.6000000000000001,140.0,0.6000000000000001,0.6002
0.6000000000000001,140.0,0.7000000000000001,0.5667498498498498
0.6000000000000001,140.0,0.8,None
0.6000000000000001,140.0,0.9,None
0.6000000000000001,140.0,1.0,None
0.6000000000000001,150.0,0.0,0.25
0.6000000000000001,150.0,0.1,0.25
0.6000000000000001,150.0,0.2,0.25
0.6000000000000001,150.0,0.30000000000000004,0.3583167667667668
0.6000000000000001,150.0,0.4,0.6002000000000001
0.6000000000000001,150.0,0.5,0.95
0.6000000000000001,150.0,0.6000000000000001,0.6002
0.6000000000000001,150.0,0.7000000000000001,0.5667498498498498
0.6000000000000001,150.0,0.8,None
0.6000000000000001,150.0,0.9,None
0.6000000000000001,150.0,1.0,None
0.6000000000000001,160.0,0.0,0.25
0.6000000000000001,160.0,0.1,0.25
0.6000000000000001,160.0,0.2,0.25
0.6000000000000001,160.0,0.30000000000000004,0.3583167667667668
0.6000000000000001,160.0,0.4,0.6002000000000001
0.6000000000000001,160.0,0.5,0.95
0.6000000000000001,160.0,0.6000000000000001,0.6002
0.6000000000000001,160.0,0.7000000000000001,0.5667498498498498
0.6000000000000001,160.0,0.8,None
0.6000000000000001,160.0,0.9,None
0.6000000000000001,160.0,1.0,None
0.6000000000000001,170.0,0.0,0.25
0.6000000000000001,170.0,0.1,0.25
0.6000000000000001,170.0,0.2,0.25
0.6000000000000001,170.0,0.30000000000000004,0.3583167667667668
0.6000000000000001,170.0,0.4,0.6002000000000001
0.6000000000000001,170.0,0.5,0.95
0.6000000000000001,170.0,0.6000000000000001,0.6002
0.6000000000000001,170.0,0.7000000000000001,0.5667498498498498
0.6000000000000001,170.0,0.8,None
0.6000000000000001,170.0,0.9,None
0.6000000000000001,170.0,1.0,None
0.6000000000000001,180.0,0.0,0.25
0.6000000000000001,180.0,0.1,0.25
0.6000000000000001,180.0,0.2,0.25
0.6000000000000001,180.0,0.30000000000000004,0.3583167667667668
0.6000000000000001,180.0,0.4,0.6002000000000001
0.6000000000000001,180.0,0.5,0.95
0.6000000000000001,180.0,0.6000000000000001,0.6002
0.6000000000000001,180.0,0.7000000000000001,0.5667498498498498
0.6000000000000001,180.0,0.8,None
0.6000000000000001,180.0,0.9,None
0.6000000000000001,180.0,1.0,None
0.6000000000000001,190.0,0.0,0.25
0.6000000000000001,190.0,0.1,0.25
0.6000000000000001,190.0,0.2,0.25
0.6000000000000001,190.0,0.30000000000000004,0.3583167667667668
0.6000000000000001,190.0,0.4,0.6002000000000001
0.6000000000000001,190.0,0.5,0.95
0.6000000000000001,190.0,0.6000000000000001,0.6002
0.6000000000000001,190.0,0.7000000000000001,0.5667498498498498
0.6000000000000001,190.0,0.8,None
0.6000000000000001,190.0,0.9,None
0.6000000000000001,190.0,1.0,None
0.6000000000000001,200.0,0.0,0.25
0.6000000000000001,200.0,0.1,0.25
0.6000000000000001,200.0,0.2,0.25
0.6000000000000001,200.0,0.30000000000000004,0.3583167667667668
0.6000000000000001,200.0,0.4,0.6002000000000001
0.6000000000000001,200.0,0.5,0.95
0.6000000000000001,200.0,0.6000000000000001,0.6002
0.6000000000000001,200.0,0.7000000000000001,0.5667498498498498
0.6000000000000001,200.0,0.8,None
0.6000000000000001,200.0,0.9,None
0.6000000000000001,200.0,1.0,None
0.7000000000000001,0.0,0.0,0.0010919540229884929
0.7000000000000001,0.0,0.1,0.0010919540229884929
0.7000000000000001,0.0,0.2,0.0010919540229884929
0.7000000000000001,0.0,0.30000000000000004,0.0010919540229884929
0.7000000000000001,0.0,0.4,0.0010919540229884929
0.7000000000000001,0.0,0.5,0.0010919540229884929
0.7000000000000001,0.0,0.6000000000000001,0.0010919540229884929
0.7000000000000001,0.0,0.7000000000000001,0.0010919540229884929
0.7000000000000001,0.0,0.8,0.0010919540229884929
0.7000000000000001,0.0,0.9,0.0010919540229884929
0.7000000000000001,0.0,1.0,0.0010919540229884929
0.7000000000000001,10.0,0.0,0.0010919540229884929
0.7000000000000001,10.0,0.1,0.0010919540229884929
0.7000000000000001,10.0,0.2,0.0010919540229884929
0.7000000000000001,10.0,0.30000000000000004,0.0010919540229884929
0.7000000000000001,10.0,0.4,0.0010919540229884929
0.7000000000000001,10.0,0.5,0.0010919540229884929
0.7000000000000001,10.0,0.6000000000000001,0.0010919540229884929
0.7000000000000001,10.0,0.7000000000000001,0.0010919540229884929
0.7000000000000001,10.0,0.8,0.0010919540229884929
0.7000000000000001,10.0,0.9,0.0010919540229884929
0.7000000000000001,10.0,1.0,0.0010919540229884929
0.7000000000000001,20.0,0.0,0.00896264367816091
0.7000000000000001,20.0,0.1,0.00896264367816091
0.7000000000000001,20.0,0.2,0.00896264367816091
0.7000000000000001,20.0,0.30000000000000004,0.00896264367816091
0.7000000000000001,20.0,0.4,0.00896264367816091
0.7000000000000001,20.0,0.5,0.00896264367816091
0.7000000000000001,20.0,0.6000000000000001,0.00896264367816091
0.7000000000000001,20.0,0.7000000000000001,0.00896264367816091
0.7000000000000001,20.0,0.8,0.00896264367816091
0.7000000000000001,20.0,0.9,0.00896264367816091
0.7000000000000001,20.0,1.0,0.00896264367816091
0.7000000000000001,30.0,0.0,0.016833333333333325
0.7000000000000001,30.0,0.1,0.016833333333333325
0.7000000000000001,30.0,0.2,0.016833333333333325
0.7000000000000001,30.0,0.30000000000000004,0.016833333333333325
0.7000000000000001,30.0,0.4,0.016833333333333325
0.7000000000000001,30.0,0.5,0.016833333333333325
0.7000000000000001,30.0,0.6000000000000001,0.016833333333333325
0.7000000000000001,30.0,0.7000000000000001,0.016833333333333325
0.7000000000000001,30.0,0.8,0.016833333333333325
0.7000000000000001,30.0,0.9,0.016833333333333325
0.7000000000000001,30.0,1.0,0.016833333333333325
0.7000000000000001,40.0,0.0,None
0.7000000000000001,40.0,0.1,None
0.7000000000000001,40.0,0.2,None
0.7000000000000001,40.0,0.30000000000000004,None
0.7000000000000001,40.0,0.4,None
0.7000000000000001,40.0,0.5,None
0.7000000000000001,40.0,0.6000000000000001,None
0.7000000000000001,40.0,0.7000000000000001,None
0.7000000000000001,40.0,0.8,None
0.7000000000000001,40.0,0.9,None
0.7000000000000001,40.0,1.0,None
0.7000000000000001,50.0,0.0,0.2584234234234234
0.7000000000000001,50.0,0.1,0.2584234234234234
0.7000000000000001,50.0,0.2,0.2584234234234234
0.7000000000000001,50.0,0.30000000000000004,0.36101501501501504
0.7000000000000001,50.0,0.4,0.5661981981981982
0.7000000000000001,50.0,0.5,0.882
0.7000000000000001,50.0,0.6000000000000001,0.5661981981981982
0.7000000000000001,50.0,0.7000000000000001,0.5661981981981982
0.7000000000000001,50.0,0.8,None
0.7000000000000001,50.0,0.9,None
0.7000000000000001,50.0,1.0,None
0.7000000000000001,60.0,0.0,0.25433558558558556
0.7000000000000001,60.0,0.1,0.25433558558558556
0.7000000000000001,60.0,0.2,0.25433558558558556
0.7000000000000001,60.0,0.30000000000000004,0.3584736736736737
0.7000000000000001,60.0,0.4,0.5827477477477477
0.7000000000000001,60.0,0.5,0.915
0.7000000000000001,60.0,0.6000000000000001,0.5827477477477477
0.7000000000000001,60.0,0.7000000000000001,0.5667498498498498
0.7000000000000001,60.0,0.8,None
0.7000000000000001,60.0,0.9,None
0.7000000000000001,60.0,1.0,None
0.7000000000000001,70.0,0.0,0.2502477477477477
0.7000000000000001,70.0,0.1,0.2502477477477477
0.7000000000000001,70.0,0.2,0.2502477477477477
0.7000000000000001,70.0,0.30000000000000004,0.3583167667667668
0.7000000000000001,70.0,0.4,0.5992972972972973
0.7000000000000001,70.0,0.5,0.9480000000000001
0.7000000000000001,70.0,0.6000000000000001,0.5992972972972973
0.7000000000000001,70.0,0.7000000000000001,0.5667498498498498
0.7000000000000001,70.0,0.8,None
0.7000000000000001,70.0,0.9,None
0.7000000000000001,70.0,1.0,None
0.7000000000000001,80.0,0.0,0.25
0.7000000000000001,80.0,0.1,0.25
0.7000000000000001,80.0,0.2,0.25
0.7000000000000001,80.0,0.30000000000000004,0.3583167667667668
0.7000000000000001,80.0,0.4,0.6002000000000001
0.7000000000000001,80.0,0.5,0.95
0.7000000000000001,80.0,0.6000000000000001,0.6002
0.7000000000000001,80.0,0.7000000000000001,0.5667498498498498
0.7000000000000001,80.0,0.8,None
0.7000000000000001,80.0,0.9,None
0.7000000000000001,80.0,1.0,None
0.7000000000000001,90.0,0.0,0.25
0.7000000000000001,90.0,0.1,0.25
0.7000000000000001,90.0,0.2,0.25
0.7000000000000001,90.0,0.30000000000000004,0.3583167667667668
0.7000000000000001,90.0,0.4,0.6002000000000001
0.7000000000000001,90.0,0.5,0.95
0.7000000000000001,90.0,0.6000000000000001,0.6002
0.7000000000000001,90.0,0.7000000000000001,0.5667498498498498
0.7000000000000001,90.0,0.8,None
0.7000000000000001,90.0,0.9,None
0.7000000000000001,90.0,1.0,None
0.7000000000000001,100.0,0.0,0.25
0.7000000000000001,100.0,0.1,0.25
0.7000000000000001,100.0,0.2,0.25
0.7000000000000001,100.0,0.30000000000000004,0.3583167667667668
0.7000000000000001,100.0,0.4,0.6002000000000001
0.7000000000000001,100.0,0.5,0.95
0.7000000000000001,100.0,0.6000000000000001,0.6002
0.7000000000000001,100.0,0.7000000000000001,0.5667498498498498
0.7000000000000001,100.0,0.8,None
0.7000000000000001,100.0,0.9,None
0.7000000000000001,100.0,1.0,None
0.7000000000000001,110.0,0.0,0.25
0.7000000000000001,110.0,0.1,0.25
0.7000000000000001,110.0,0.2,0.25
0.7000000000000001,110.0,0.30000000000000004,0.3583167667667668
0.7000000000000001,110.0,0.4,0.6002000000000001
0.7000000000000001,110.0,0.5,0.95
0.7000000000000001,110.0,0.6000000000000001,0.6002
0.7000000000000001,110.0,0.7000000000000001,0.5667498498498498
0.7000000000000001,110.0,0.8,None
0.7000000000000001,110.0,0.9,None
0.7000000000000001,110.0,1.0,None
0.7000000000000001,120.0,0.0,0.25
0.7000000000000001,120.0,0.1,0.25
0.7000000000000001,120.0,0.2,0.25
0.7000000000000001,120.0,0.30000000000000004,0.3583167667667668
0.7000000000000001,120.0,0.4,0.6002000000000001
0.7000000000000001,120.0,0.5,0.95
0.7000000000000001,120.0,0.6000000000000001,0.6002
0.7000000000000001,120.0,0.7000000000000001,0.5667498498498498
0.7000000000000001,120.0,0.8,None
0.7000000000000001,120.0,0.9,None
0.7000000000000001,120.0,1.0,None
0.7000000000000001,130.0,0.0,0.25
0.7000000000000001,130.0,0.1,0.25
0.7000000000000001,130.0,0.2,0.25
0.7000000000000001,130.0,0.30000000000000004,0.3583167667667668
0.7000000000000001,130.0,0.4,0.6002000000000001
0.7000000000000001,130.0,0.5,0.95
0.7000000000000001,130.0,0.6000000000000001,0.6002
0.7000000000000001,130.0,0.7000000000000001,0.5667498498498498
0.7000000000000001,130.0,0.8,None
0.7000000000000001,130.0,0.9,None
0.7000000000000001,130.0,1.0,None
0.7000000000000001,140.0,0.0,0.25
0.7000000000000001,140.0,0.1,0.25
0.7000000000000001,140.0,0.2,0.25
0.7000000000000001,140.0,0.30000000000000004,0.3583167667667668
0.7000000000000001,140.0,0.4,0.6002000000000001
0.7000000000000001,140.0,0.5,0.95
0.7000000000000001,140.0,0.6000000000000001,0.6002
0.7000000000000001,140.0,0.7000000000000001,0.5667498498498498
0.7000000000000001,140.0,0.8,None
0.7000000000000001,140.0,0.9,None
0.7000000000000001,140.0,1.0,None
0.7000000000000001,150.0,0.0,0.25
0.7000000000000001,150.0,0.1,0.25
0.7000000000000001,150.0,0.2,0.25
0.7000000000000001,150.0,0.30000000000000004,0.3583167667667668
0.7000000000000001,150.0,0.4,0.6002000000000001
0.7000000000000001,150.0,0.5,0.95
0.7000000000000001,150.0,0.6000000000000001,0.6002
0.7000000000000001,150.0,0.7000000000000001,0.5667498498498498
0.7000000000000001,150.0,0.8,None
0.7000000000000001,150.0,0.9,None
0.7000000000000001,150.0,1.0,None
0.7000000000000001,160.0,0.0,0.25
0.7000000000000001,160.0,0.1,0.25
0.7000000000000001,160.0,0.2,0.25
0.7000000000000001,160.0,0.30000000000000004,0.3583167667667668
0.7000000000000001,160.0,0.4,0.6002000000000001
0.7000000000000001,160.0,0.5,0.95
0.7000000000000001,160.0,0.6000000000000001,0.6002
0.7000000000000001,160.0,0.7000000000000001,0.5667498498498498
0.7000000000000001,160.0,0.8,None
0.7000000000000001,160.0,0.9,None
0.7000000000000001,160.0,1.0,None
0.7000000000000001,170.0,0.0,0.25
0.7000000000000001,170.0,0.1,0.25
0.7000000000000001,170.0,0.2,0.25
0.7000000000000001,170.0,0.30000000000000004,0.3583167667667668
0.7000000000000001,170.0,0.4,0.6002000000000001
0.7000000000000001,170.0,0.5,0.95
0.7000000000000001,170.0,0.6000000000000001,0.6002
0.7000000000000001,170.0,0.7000000000000001,0.5667498498498498
0.7000000000000001,170.0,0.8,None
0.7000000000000001,170.0,0.9,None
0.7000000000000001,170.0,1.0,None
0.7000000000000001,180.0,0.0,0.25
0.7000000000000001,180.0,0.1,0.25
0.7000000000000001,180.0,0.2,0.25
0.7000000000000001,180.0,0.30000000000000004,0.3583167667667668
0.7000000000000001,180.0,0.4,0.6002000000000001
0.7000000000000001,180.0,0.5,0.95
0.7000000000000001,180.0,0.6000000000000001,0.6002
0.7000000000000001,180.0,0.7000000000000001,0.5667498498498498
0.7000000000000001,180.0,0.8,None
0.7000000000000001,180.0,0.9,None
0.7000000000000001,180.0,1.0,None
0.7000000000000001,190.0,0.0,0.25
0.7000000000000001,190.0,0.1,0.25
0.7000000000000001,190.0,0.2,0.25
0.7000000000000001,190.0,0.30000000000000004,0.3583167667667668
0.7000000000000001,190.0,0.4,0.6002000000000001
0.7000000000000001,190.0,0.5,0.95
0.7000000000000001,190.0,0.6000000000000001,0.6002
0.7000000000000001,190.0,0.7000000000000001,0.5667498498498498
0.7000000000000001,190.0,0.8,None
0.7000000000000001,190.0,0.9,None
0.7000000000000001,190.0,1.0,None
0.7000000000000001,200.0,0.0,0.25
0.7000000000000001,200.0,0.1,0.25
0.7000000000000001,200.0,0.2,0.25
0.7000000000000001,200.0,0.30000000000000004,0.3583167667667668
0.7000000000000001,200.0,0.4,0.6002000000000001
0.7000000000000001,200.0,0.5,0.95
0.7000000000000001,200.0,0.6000000000000001,0.6002
0.7000000000000001,200.0,0.7000000000000001,0.5667498498498498
0.7000000000000001,200.0,0.8,None
0.7000000000000001,200.0,0.9,None
0.7000000000000001,200.0,1.0,None
0.8,0.0,0.0,0.0
0.8,0.0,0.1,0.0
0.8,0.0,0.2,0.0
0.8,0.0,0.30000000000000004,0.0
0.8,0.0,0.4,0.0
0.8,0.0,0.5,0.0
0.8,0.0,0.6000000000000001,0.0
0.8,0.0,0.7000000000000001,0.0
0.8,0.0,0.8,0.0
0.8,0.0,0.9,0.0
0.8,0.0,1.0,0.0
0.8,10.0,0.0,0.0
0.8,10.0,0.1,0.0
0.8,10.0,0.2,0.0
0.8,10.0,0.30000000000000004,0.0
0.8,10.0,0.4,0.0
0.8,10.0,0.5,0.0
0.8,10.0,0.6000000000000001,0.0
0.8,10.0,0.7000000000000001,0.0
0.8,10.0,0.8,0.0
0.8,10.0,0.9,0.0
0.8,10.0,1.0,0.0
0.8,20.0,0.0,0.008249999999999999
0.8,20.0,0.1,0.008249999999999999
0.8,20.0,0.2,0.008249999999999999
0.8,20.0,0.30000000000000004,0.008249999999999999
0.8,20.0,0.4,0.008249999999999999
0.8,20.0,0.5,0.008249999999999999
0.8,20.0,0.6000000000000001,0.008249999999999999
0.8,20.0,0.7000000000000001,0.008249999999999999
0.8,20.0,0.8,0.008249999999999999
0.8,20.0,0.9,0.008249999999999999
0.8,20.0,1.0,0.008249999999999999
0.8,30.0,0.0,0.016499999999999997
0.8,30.0,0.1,0.016499999999999997
0.8,30.0,0.2,0.016499999999999997
0.8,30.0,0.30000000000000004,0.016499999999999997
0.8,30.0,0.4,0.016499999999999997
0.8,30.0,0.5,0.016499999999999997
0.8,30.0,0.6000000000000001,0.016499999999999997
0.8,30.0,0.7000000000000001,0.016499999999999997
0.8,30.0,0.8,0.016499999999999997
0.8,30.0,0.9,0.016499999999999997
0.8,30.0,1.0,0.016499999999999997
0.8,40.0,0.0,None
0.8,40.0,0.1,None
0.8,40.0,0.2,None
0.8,40.0,0.30000000000000004,None
0.8,40.0,0.4,None
0.8,40.0,0.5,None
0.8,40.0,0.6000000000000001,None
0.8,40.0,0.7000000000000001,None
0.8,40.0,0.8,None
0.8,40.0,0.9,None
0.8,40.0,1.0,None
0.8,50.0,0.0,0.2584234234234234
0.8,50.0,0.1,0.2584234234234234
0.8,50.0,0.2,0.2584234234234234
0.8,50.0,0.30000000000000004,0.36101501501501504
0.8,50.0,0.4,0.5661981981981982
0.8,50.0,0.5,0.882
0.8,50.0,0.6000000000000001,0.5661981981981982
0.8,50.0,0.7000000000000001,0.5661981981981982
0.8,50.0,0.8,None
0.8,50.0,0.9,None
0.8,50.0,1.0,None
0.8,60.0,0.0,0.25433558558558556
0.8,60.0,0.1,0.25433558558558556
0.8,60.0,0.2,0.25433558558558556
0.8,60.0,0.30000000000000004,0.3584736736736737
0.8,60.0,0.4,0.5827477477477477
0.8,60.0,0.5,0.915
0.8,60.0,0.6000000000000001,0.5827477477477477
0.8,60.0,0.7000000000000001,0.5667498498498498
0.8,60.0,0.8,None
0.8,60.0,0.9,None
0.8,60.0,1.0,None
0.8,70.0,0.0,0.2502477477477477
0.8,70.0,0.1,0.2502477477477477
0.8,70.0,0.2,0.2502477477477477
0.8,70.0,0.30000000000000004,0.3583167667667668
0.8,70.0,0.4,0.5992972972972973
0.8,70.0,0.5,0.9480000000000001
0.8,70.0,0.6000000000000001,0.5992972972972973
0.8,70.0,0.7000000000000001,0.5667498498498498
0.8,70.0,0.8,None
0.8,70.0,0.9,None
0.8,70.0,1.0,None
0.8,80.0,0.0,0.25
0.8,80.0,0.1,0.25
0.8,80.0,0.2,0.25
0.8,80.0,0.30000000000000004,0.3583167667667668
0.8,80.0,0.4,0.6002000000000001
0.8,80.0,0.5,0.95
0.8,80.0,0.6000000000000001,0.6002
0.8,80.0,0.7000000000000001,0.5667498498498498
0.8,80.0,0.8,None
0.8,80.0,0.9,None
0.8,80.0,1.0,None
0.8,90.0,0.0,0.25
0.8,90.0,0.1,0.25
0.8,90.0,0.2,0.25
0.8,90.0,0.30000000000000004,0.3583167667667668
0.8,90.0,0.4,0.6002000000000001
0.8,90.0,0.5,0.95
0.8,90.0,0.6000000000000001,0.6002
0.8,90.0,0.7000000000000001,0.5667498498498498
0.8,90.0,0.8,None
0.8,90.0,0.9,None
0.8,90.0,1.0,None
0.8,100.0,0.0,0.25
0.8,100.0,0.1,0.25
0.8,100.0,0.2,0.25
0.8,100.0,0.30000000000000004,0.3583167667667668
0.8,100.0,0.4,0.6002000000000001
0.8,100.0,0.5,0.95
0.8,100.0,0.6000000000000001,0.6002
0.8,100.0,0.7000000000000001,0.5667498498498498
0.8,100.0,0.8,None
0.8,100.0,0.9,None
0.8,100.0,1.0,None
0.8,110.0,0.0,0.25
0.8,110.0,0.1,0.25
0.8,110.0,0.2,0.25
0.8,110.0,0.30000000000000004,0.3583167667667668
0.8,110.0,0.4,0.6002000000000001
0.8,110.0,0.5,0.95
0.8,110.0,0.6000000000000001,0.6002
0.8,110.0,0.7000000000000001,0.5667498498498498
0.8,110.0,0.8,None
0.8,110.0,0.9,None
0.8,110.0,1.0,None
0.8,120.0,0.0,0.25
0.8,120.0,0.1,0.25
0.8,120.0,0.2,0.25
0.8,120.0,0.30000000000000004,0.3583167667667668
0.8,120.0,0.4,0.6002000000000001
0.8,120.0,0.5,0.95
0.8,120.0,0.6000000000000001,0.6002
0.8,120.0,0.7000000000000001,0.5667498498498498
0.8,120.0,0.8,None
0.8,120.0,0.9,None
0.8,120.0,1.0,None
0.8,130.0,0.0,0.25
0.8,130.0,0.1,0.25
0.8,130.0,0.2,0.25
0.8,130.0,0.30000000000000004,0.3583167667667668
0.8,130.0,0.4,0.6002000000000001
0.8,130.0,0.5,0.95
0.8,130.0,0.6000000000000001,0.6002
0.8,130.0,0.7000000000000001,0.5667498498498498
0.8,130.0,0.8,None
0.8,130.0,0.9,None
0.8,130.0,1.0,None
0.8,140.0,0.0,0.25
0.8,140.0,0.1,0.25
0.8,140.0,0.2,0.25
0.8,140.0,0.30000000000000004,0.3583167667667668
0.8,140.0,0.4,0.6002000000000001
0.8,140.0,0.5,0.95
0.8,140.0,0.6000000000000001,0.6002
0.8,140.0,0.7000000000000001,0.5667498498498498
0.8,140.0,0.8,None
0.8,140.0,0.9,None
0.8,140.0,1.0,None
0.8,150.0,0.0,0.25
0.8,150.0,0.1,0.25
0.8,150.0,0.2,0.25
0.8,150.0,0.30000000000000004,0.3583167667667668
0.8,150.0,0.4,0.6002000000000001
0.8,150.0,0.5,0.95
0.8,150.0,0.6000000000000001,0.6002
0.8,150.0,0.7000000000000001,0.5667498498498498
0.8,150.0,0.8,None
0.8,150.0,0.9,None
0.8,150.0,1.0,None
0.8,160.0,0.0,0.25
0.8,160.0,0.1,0.25
0.8,160.0,0.2,0.25
0.8,160.0,0.30000000000000004,0.3583167667667668
0.8,160.0,0.4,0.6002000000000001
0.8,160.0,0.5,0.95
0.8,160.0,0.6000000000000001,0.6002
0.8,160.0,0.7000000000000001,0.5667498498498498
0.8,160.0,0.8,None
0.8,160.0,0.9,None
0.8,160.0,1.0,None
0.8,170.0,0.0,0.25
0.8,170.0,0.1,0.25
0.8,170.0,0.2,0.25
0.8,170.0,0.30000000000000004,0.3583167667667668
0.8,170.0,0.4,0.6002000000000001
0.8,170.0,0.5,0.95
0.8,170.0,0.6000000000000001,0.6002
0.8,170.0,0.7000000000000001,0.5667498498498498
0.8,170.0,0.8,None
0.8,170.0,0.9,None
0.8,170.0,1.0,None
0.8,180.0,0.0,0.25
0.8,180.0,0.1,0.25
0.8,180.0,0.2,0.25
0.8,180.0,0.30000000000000004,0.3583167667667668
0.8,180.0,0.4,0.6002000000000001
0.8,180.0,0.5,0.95
0.8,180.0,0.6000000000000001,0.6002
0.8,180.0,0.7000000000000001,0.5667498498498498
0.8,180.0,0.8,None
0.8,180.0,0.9,None
0.8,180.0,1.0,None
0.8,190.0,0.0,0.25
0.8,190.0,0.1,0.25
0.8,190.0,0.2,0.25
0.8,190.0,0.30000000000000004,0.3583167667667668
0.8,190.0,0.4,0.6002000000000001
0.8,190.0,0.5,0.95
0.8,190.0,0.6000000000000001,0.6002
0.8,190.0,0.7000000000000001,0.5667498498498498
0.8,190.0,0.8,None
0.8,190.0,0.9,None
0.8,190.0,1.0,None
0.8,200.0,0.0,0.25
0.8,200.0,0.1,0.25
0.8,200.0,0.2,0.25
0.8,200.0,0.30000000000000004,0.3583167667667668
0.8,200.0,0.4,0.6002000000000001
0.8,200.0,0.5,0.95
0.8,200.0,0.6000000000000001,0.6002
0.8,200.0,0.7000000000000001,0.5667498498498498
0.8,200.0,0.8,None
0.8,200.0,0.9,None
0.8,200.0,1.0,None
0.9,0.0,0.0,0.004974999999999952
0.9,0.0,0.1,0.004974999999999952
0.9,0.0,0.2,0.004974999999999952
0.9,0.0,0.30000000000000004,0.004974999999999952
0.9,0.0,0.4,0.004974999999999952
0.9,0.0,0.5,0.004974999999999952
0.9,0.0,0.6000000000000001,0.004974999999999952
0.9,0.0,0.7000000000000001,0.004974999999999952
0.9,0.0,0.8,0.004974999999999952
0.9,0.0,0.9,0.004974999999999952
0.9,0.0,1.0,0.004974999999999952
0.9,10.0,0.0,0.004974999999999952
0.9,10.0,0.1,0.004974999999999952
0.9,10.0,0.2,0.004974999999999952
0.9,10.0,0.30000000000000004,0.004974999999999952
0.9,10.0,0.4,0.004974999999999952
0.9,10.0,0.5,0.004974999999999952
0.9,10.0,0.6000000000000001,0.004974999999999952
0.9,10.0,0.7000000000000001,0.004974999999999952
0.9,10.0,0.8,0.004974999999999952
0.9,10.0,0.9,0.004974999999999952
0.9,10.0,1.0,0.004974999999999952
0.9,20.0,0.0,0.008249999999999999
0.9,20.0,0.1,0.008249999999999999
0.9,20.0,0.2,0.008249999999999999
0.9,20.0,0.30000000000000004,0.008249999999999999
0.9,20.0,0.4,0.008249999999999999
0.9,20.0,0.5,0.008249999999999999
0.9,20.0,0.6000000000000001,0.008249999999999999
0.9,20.0,0.7000000000000001,0.008249999999999999
0.9,20.0,0.8,0.008249999999999999
0.9,20.0,0.9,0.008249999999999999
0.9,20.0,1.0,0.008249999999999999
0.9,30.0,0.0,0.016499999999999997
0.9,30.0,0.1,0.016499999999999997
0.9,30.0,0.2,0.016499999999999997
0.9,30.0,0.30000000000000004,0.016499999999999997
0.9,30.0,0.4,0.016499999999999997
0.9,30.0,0.5,0.016499999999999997
0.9,30.0,0.6000000000000001,0.016499999999999997
0.9,30.0,0.7000000000000001,0.016499999999999997
0.9,30.0,0.8,0.016499999999999997
0.9,30.0,0.9,0.016499999999999997
0.9,30.0,1.0,0.016499999999999997
0.9,40.0,0.0,None
0.9,40.0,0.1,None
0.9,40.0,0.2,None
0.9,40.0,0.30000000000000004,None
0.9,40.0,0.4,None
0.9,40.0,0.5,None
0.9,40.0,0.6000000000000001,None
0.9,40.0,0.7000000000000001,None
0.9,40.0,0.8,None
0.9,40.0,0.9,None
0.9,40.0,1.0,None
0.9,50.0,0.0,0.2584234234234234
0.9,50.0,0.1,0.2584234234234234
0.9,50.0,0.2,0.2584234234234234
0.9,50.0,0.30000000000000004,0.36101501501501504
0.9,50.0,0.4,0.5661981981981982
0.9,50.0,0.5,0.882
0.9,50.0,0.6000000000000001,0.5661981981981982
0.9,50.0,0.7000000000000001,0.5661981981981982
0.9,50.0,0.8,None
0.9,50.0,0.9,None
0.9,50.0,1.0,None
0.9,60.0,0.0,0.25433558558558556
0.9,60.0,0.1,0.25433558558558556
0.9,60.0,0.2,0.25433558558558556
0.9,60.0,0.30000000000000004,0.3584736736736737
0.9,60.0,0.4,0.5827477477477477
0.9,60.0,0.5,0.915
0.9,60.0,0.6000000000000001,0.5827477477477477
0.9,60.0,0.7000000000000001,0.5667498498498498
0.9,60.0,0.8,None
0.9,60.0,0.9,None
0.9,60.0,1.0,None
0.9,70.0,0.0,0.2502477477477477
0.9,70.0,0.1,0.2502477477477477
0.9,70.0,0.2,0.2502477477477477
0.9,70.0,0.30000000000000004,0.3583167667667668
0.9,70.0,0.4,0.5992972972972973
0.9,70.0,0.5,0.9480000000000001
0.9,70.0,0.6000000000000001,0.5992972972972973
0.9,70.0,0.7000000000000001,0.5667498498498498
0.9,70.0,0.8,None
0.9,70.0,0.9,None
0.9,70.0,1.0,None
0.9,80.0,0.0,0.25
0.9,80.0,0.1,0.25
0.9,80.0,0.2,0.25
0.9,80.0,0.30000000000000004,0.3583167667667668
0.9,80.0,0.4,0.6002000000000001
0.9,80.0,0.5,0.95
0.9,80.0,0.6000000000000001,0.6002
0.9,80.0,0.7000000000000001,0.5667498498498498
0.9,80.0,0.8,None
0.9,80.0,0.9,None
0.9,80.0,1.0,None
0.9,90.0,0.0,0.25
0.9,90.0,0.1,0.25
0.9,90.0,0.2,0.25
0.9,90.0,0.30000000000000004,0.3583167667667668
0.9,90.0,0.4,0.6002000000000001
0.9,90.0,0.5,0.95
0.9,90.0,0.6000000000000001,0.6002
0.9,90.0,0.7000000000000001,0.5667498498498498
0.9,90.0,0.8,None
0.9,90.0,0.9,None
0.9,90.0,1.0,None
0.9,100.0,0.0,0.25
0.9,100.0,0.1,0.25
0.9,100.0,0.2,0.25
0.9,100.0,0.30000000000000004,0.3583167667667668
0.9,100.0,0.4,0.6002000000000001
0.9,100.0,0.5,0.95
0.9,100.0,0.6000000000000001,0.6002
0.9,100.0,0.7000000000000001,0.5667498498498498
0.9,100.0,0.8,None
0.9,100.0,0.9,None
0.9,100.0,1.0,None
0.9,110.0,0.0,0.25
0.9,110.0,0.1,0.25
0.9,110.0,0.2,0.25
0.9,110.0,0.30000000000000004,0.3583167667667668
0.9,110.0,0.4,0.6002000000000001
0.9,110.0,0.5,0.95
0.9,110.0,0.6000000000000001,0.6002
0.9,110.0,0.7000000000000001,0.5667498498498498
0.9,110.0,0.8,None
0.9,110.0,0.9,None
0.9,110.0,1.0,None
0.9,120.0,0.0,0.25
0.9,120.0,0.1,0.25
0.9,120.0,0.2,0.25
0.9,120.0,0.30000000000000004,0.3583167667667668
0.9,120.0,0.4,0.6002000000000001
0.9,120.0,0.5,0.95
0.9,120.0,0.6000000000000001,0.6002
0.9,120.0,0.7000000000000001,0.5667498498498498
0.9,120.0,0.8,None
0.9,120.0,0.9,None
0.9,120.0,1.0,None
0.9,130.0,0.0,0.25
0.9,130.0,0.1,0.25
0.9,130.0,0.2,0.25
0.9,130.0,0.30000000000000004,0.3583167667667668
0.9,130.0,0.4,0.6002000000000001
0.9,130.0,0.5,0.95
0.9,130.0,0.6000000000000001,0.6002
0.9,130.0,0.7000000000000001,0.5667498498498498
0.9,130.0,0.8,None
0.9,130.0,0.9,None
0.9,130.0,1.0,None
0.9,140.0,0.0,0.25
0.9,140.0,0.1,0.25
0.9,140.0,0.2,0.25
0.9,140.0,0.30000000000000004,0.3583167667667668
0.9,140.0,0.4,0.6002000000000001
0.9,140.0,0.5,0.95
0.9,140.0,0.6000000000000001,0.6002
0.9,140.0,0.7000000000000001,0.5667498498498498
0.9,140.0,0.8,None
0.9,140.0,0.9,None
0.9,140.0,1.0,None
0.9,150.0,0.0,0.25
0.9,150.0,0.1,0.25
0.9,150.0,0.2,0.25
0.9,150.0,0.30000000000000004,0.3583167667667668
0.9,150.0,0.4,0.6002000000000001
0.9,150.0,0.5,0.95
0.9,150.0,0.6000000000000001,0.6002
0.9,150.0,0.7000000000000001,0.5667498498498498
0.9,150.0,0.8,None
0.9,150.0,0.9,None
0.9,150.0,1.0,None
0.9,160.0,0.0,0.25
0.9,160.0,0.1,0.25
0.9,160.0,0.2,0.25
0.9,160.0,0.30000000000000004,0.3583167667667668
0.9,160.0,0.4,0.6002000000000001
0.9,160.0,0.5,0.95
0.9,160.0,0.6000000000000001,0.6002
0.9,160.0,0.7000000000000001,0.5667498498498498
0.9,160.0,0.8,None
0.9,160.0,0.9,None
0.9,160.0,1.0,None
0.9,170.0,0.0,0.25
0.9,170.0,0.1,0.25
0.9,170.0,0.2,0.25
0.9,170.0,0.30000000000000004,0.3583167667667668
0.9,170.0,0.4,0.6002000000000001
0.9,170.0,0.5,0.95
0.9,170.0,0.6000000000000001,0.6002
0.9,170.0,0.7000000000000001,0.5667498498498498
0.9,170.0,0.8,None
0.9,170.0,0.9,None
0.9,170.0,1.0,None
0.9,180.0,0.0,0.25
0.9,180.0,0.1,0.25
0.9,180.0,0.2,0.25
0.9,180.0,0.30000000000000004,0.3583167667667668
0.9,180.0,0.4,0.6002000000000001
0.9,180.0,0.5,0.95
0.9,180.0,0.6000000000000001,0.6002
0.9,180.0,0.7000000000000001,0.5667498498498498
0.9,180.0,0.8,None
0.9,180.0,0.9,None
0.9,180.0,1.0,None
0.9,190.0,0.0,0.25
0.9,190.0,0.1,0.25
0.9,190.0,0.2,0.25
0.9,190.0,0.30000000000000004,0.3583167667667668
0.9,190.0,0.4,0.6002000000000001
0.9,190.0,0.5,0.95
0.9,190.0,0.6000000000000001,0.6002
0.9,190.0,0.7000000000000001,0.5667498498498498
0.9,190.0,0.8,None
0.9,190.0,0.9,None
0.9,190.0,1.0,None
0.9,200.0,0.0,0.25
0.9,200.0,0.1,0.25
0.9,200.0,0.2,0.25
0.9,200.0,0.30000000000000004,0.3583167667667668
0.9,200.0,0.4,0.6002000000000001
0.9,200.0,0.5,0.95
0.9,200.0,0.6000000000000001,0.6002
0.9,200.0,0.7000000000000001,0.5667498498498498
0.9,200.0,0.8,None
0.9,200.0,0.9,None
0.9,200.0,1.0,None
1.0,0.0,0.0,0.0
1.0,0.0,0.1,0.0
1.0,0.0,0.2,0.0
1.0,0.0,0.30000000000000004,0.0
1.0,0.0,0.4,0.0
1.0,0.0,0.5,0.0
1.0,0.0,0.6000000000000001,0.0
1.0,0.0,0.7000000000000001,0.0
1.0,0.0,0.8,0.0
1.0,0.0,0.9,0.0
1.0,0.0,1.0,0.0
1.0,10.0,0.0,0.0
1.0,10.0,0.1,0.0
1.0,10.0,0.2,0.0
1.0,10.0,0.30000000000000004,0.0
1.0,10.0,0.4,0.0
1.0,10.0,0.5,0.0
1.0,10.0,0.6000000000000001,0.0
1.0,10.0,0.7000000000000001,0.0
1.0,10.0,0.8,0.0
1.0,10.0,0.9,0.0
1.0,10.0,1.0,0.0
1.0,20.0,0.0,0.008249999999999999
1.0,20.0,0.1,0.008249999999999999
1.0,20.0,0.2,0.008249999999999999
1.0,20.0,0.30000000000000004,0.008249999999999999
1.0,20.0,0.4,0.008249999999999999
1.0,20.0,0.5,0.008249999999999999
1.0,20.0,0.6000000000000001,0.008249999999999999
1.0,20.0,0.7000000000000001,0.008249999999999999
1.0,20.0,0.8,0.008249999999999999
1.0,20.0,0.9,0.008249999999999999
1.0,20.0,1.0,0.008249999999999999
1.0,30.0,0.0,0.016499999999999997
1.0,30.0,0.1,0.016499999999999997
1.0,30.0,0.2,0.016499999999999997
1.0,30.0,0.30000000000000004,0.016499999999999997
1.0,30.0,0.4,0.016499999999999997
1.0,30.0,0.5,0.016499999999999997
1.0,30.0,0.6000000000000001,0.016499999999999997
1.0,30.0,0.7000000000000001,0.016499999999999997
1.0,30.0,0.8,0.016499999999999997
1.0,30.0,0.9,0.016499999999999997
1.0,30.0,1.0,0.016499999999999997
1.0,40.0,0.0,None
1.0,40.0,0.1,None
1.0,40.0,0.2,None
1.0,40.0,0.30000000000000004,None
1.0,40.0,0.4,None
1.0,40.0,0.5,None
1.0,40.0,0.6000000000000001,None
1.0,40.0,0.7000000000000001,None
1.0,40.0,0.8,None
1.0,40.0,0.9,None
1.0,40.0,1.0,None
1.0,50.0,0.0,0.2584234234234234
1.0,50.0,0.1,0.2584234234234234
1.0,50.0,0.2,0.2584234234234234
1.0,50.0,0.30000000000000004,0.36101501501501504
1.0,50.0,0.4,0.5661981981981982
1.0,50.0,0.5,0.882
1.0,50.0,0.6000000000000001,0.5661981981981982
1.0,50.0,0.7000000000000001,0.5661981981981982
1.0,50.0,0.8,None
1.0,50.0,0.9,None
1.0,50.0,1.0,None
1.0,60.0,0.0,0.25433558558558556
1.0,60.0,0.1,0.25433558558558556
1.0,60.0,0.2,0.25433558558558556
1.0,60.0,0.30000000000000004,0.3584736736736737
1.0,60.0,0.4,0.5827477477477477
1.0,60.0,0.5,0.915
1.0,60.0,0.6000000000000001,0.5827477477477477
1.0,60.0,0.7000000000000001,0.5667498498498498
1.0,60.0,0.8,None
1.0,60.0,0.9,None
1.0,60.0,1.0,None
1.0,70.0,0.0,0.2502477477477477
1.0,70.0,0.1,0.2502477477477477
1.0,70.0,0.2,0.2502477477477477
1.0,70.0,0.30000000000000004,0.3583167667667668
1.0,70.0,0.4,0.5992972972972973
1.0,70.0,0.5,0.9480000000000001
1.0,70.0,0.6000000000000001,0.5992972972972973
1.0,70.0,0.7000000000000001,0.5667498498498498
1.0,70.0,0.8,None
1.0,70.0,0.9,None
1.0,70.0,1.0,None
1.0,80.0,0.0,0.25
1.0,80.0,0.1,0.25
1.0,80.0,0.2,0.25
1.0,80.0,0.30000000000000004,0.3583167667667668
1.0,80.0,0.4,0.6002000000000001
1.0,80.0,0.5,0.95
1.0,80.0,0.6000000000000001,0.6002
1.0,80.0,0.7000000000000001,0.5667498498498498
1.0,80.0,0.8,None
1.0,80.0,0.9,None
1.0,80.0,1.0,None
1.0,90.0,0.0,0.25
1.0,90.0,0.1,0.25
1.0,90.0,0.2,0.25
1.0,90.0,0.30000000000000004,0.3583167667667668
1.0,90.0,0.4,0.6002000000000001
1.0,90.0,0.5,0.95
1.0,90.0,0.6000000000000001,0.6002
1.0,90.0,0.7000000000000001,0.5667498498498498
1.0,90.0,0.8,None
1.0,90.0,0.9,None
1.0,90.0,1.0,None
1.0,100.0,0.0,0.25
1.0,100.0,0.1,0.25
1.0,100.0,0.2,0.25
1.0,100.0,0.30000000000000004,0.3583167667667668
1.0,100.0,0.4,0.6002000000000001
1.0,100.0,0.5,0.95
1.0,100.0,0.6000000000000001,0.6002
1.0,100.0,0.7000000000000001,0.5667498498498498
1.0,100.0,0.8,None
1.0,100.0,0.9,None
1.0,100.0,1.0,None
1.0,110.0,0.0,0.25
1.0,110.0,0.1,0.25
1.0,110.0,0.2,0.25
1.0,110.0,0.30000000000000004,0.3583167667667668
1.0,110.0,0.4,0.6002000000000001
1.0,110.0,0.5,0.95
1.0,110.0,0.6000000000000001,0.6002
1.0,110.0,0.7000000000000001,0.5667498498498498
1.0,110.0,0.8,None
1.0,110.0,0.9,None
1.0,110.0,1.0,None
1.0,120.0,0.0,0.25
1.0,120.0,0.1,0.25
1.0,120.0,0.2,0.25
1.0,120.0,0.30000000000000004,0.3583167667667668
1.0,120.0,0.4,0.6002000000000001
1.0,120.0,0.5,0.95
1.0,120.0,0.6000000000000001,0.6002
1.0,120.0,0.7000000000000001,0.5667498498498498
1.0,120.0,0.8,None
1.0,120.0,0.9,None
1.0,120.0,1.0,None
1.0,130.0,0.0,0.25
1.0,130.0,0.1,0.25
1.0,130.0,0.2,0.25
1.0,130.0,0.30000000000000004,0.3583167667667668
1.0,130.0,0.4,0.6002000000000001
1.0,130.0,0.5,0.95
1.0,130.0,0.6000000000000001,0.6002
1.0,130.0,0.7000000000000001,0.5667498498498498
1.0,130.0,0.8,None
1.0,130.0,0.9,None
1.0,130.0,1.0,None
1.0,140.0,0.0,0.25
1.0,140.0,0.1,0.25
1.0,140.0,0.2,0.25
1.0,140.0,0.30000000000000004,0.3583167667667668
1.0,140.0,0.4,0.6002000000000001
1.0,140.0,0.5,0.95
1.0,140.0,0.6000000000000001,0.6002
1.0,140.0,0.7000000000000001,0.5667498498498498
1.0,140.0,0.8,None
1.0,140.0,0.9,None
1.0,140.0,1.0,None
1.0,150.0,0.0,0.25
1.0,150.0,0.1,0.25
1.0,150.0,0.2,0.25
1.0,150.0,0.30000000000000004,0.3583167667667668
1.0,150.0,0.4,0.6002000000000001
1.0,150.0,0.5,0.95
1.0,150.0,0.6000000000000001,0.6002
1.0,150.0,0.7000000000000001,0.5667498498498498
1.0,150.0,0.8,None
1.0,150.0,0.9,None
1.0,150.0,1.0,None
1.0,160.0,0.0,0.25
1.0,160.0,0.1,0.25
1.0,160.0,0.2,0.25
1.0,160.0,0.30000000000000004,0.3583167667667668
1.0,160.0,0.4,0.6002000000000001
1.0,160.0,0.5,0.95
1.0,160.0,0.6000000000000001,0.6002
1.0,160.0,0.7000000000000001,0.5667498498498498
1.0,160.0,0.8,None
1.0,160.0,0.9,None
1.0,160.0,1.0,None
1.0,170.0,0.0,0.25
1.0,170.0,0.1,0.25
1.0,170.0,0.2,0.25
1.0,170.0,0.30000000000000004,0.3583167667667668
1.0,170.0,0.4,0.6002000000000001
1.0,170.0,0.5,0.95
1.0,170.0,0.6000000000000001,0.6002
1.0,170.0,0.7000000000000001,0.5667498498498498
1.0,170.0,0.8,None
1.0,170.0,0.9,None
1.0,170.0,1.0,None
1.0,180.0,0.0,0.25
1.0,180.0,0.1,0.25
1.0,180.0,0.2,0.25
1.0,180.0,0.30000000000000004,0.3583167667667668
1.0,180.0,0.4,0.6002000000000001
1.0,180.0,0.5,0.95
1.0,180.0,0.6000000000000001,0.6002
1.0,180.0,0.7000000000000001,0.5667498498498498
1.0,180.0,0.8,None
1.0,180.0,0.9,None
1.0,180.0,1.0,None
1.0,190.0,0.0,0.25
1.0,190.0,0.1,0.25
1.0,190.0,0.2,0.25
1.0,190.0,0.30000000000000004,0.3583167667667668
1.0,190.0,0.4,0.6002000000000001
1.0,190.0,0.5,0.95
1.0,190.0,0.6000000000000001,0.6002
1.0,190.0,0.7000000000000001,0.5667498498498498
1.0,190.0,0.8,None
1.0,190.0,0.9,None
1.0,190.0,1.0,None
1.0,200.0,0.0,0.25
1.0,200.0,0.1,0.25
1.0,200.0,0.2,0.25
1.0,200.0,0.30000000000000004,0.3583167667667668
1.0,200.0,0.4,0.6002000000000001
1.0,200.0,0.5,0.95
1.0,200.0,0.6000000000000001,0.6002
1.0,200.0,0.7000000000000001,0.5667498498498498
1.0,200.0,0.8,None
1.0,200.0,0.9,None
1.0,200.0,1.0,None
